<!DOCTYPE HTML>
<html>
  <head>
    <meta charset="UTF-8">
    <title>Tomtom Results</title>
    <script>
      // @JSON_VAR data
      var data = {
        "program": "Tomtom",
        "version": "5.4.1",
        "release": "Sat Aug 21 19:23:23 2021 -0700",
        "cmd": [
          "tomtom", "-verbosity", "1", "-oc", "meme_chip_out/meme_tomtom_out",
          "-min-overlap", "5", "-dist", "pearson", "-evalue", "-thresh", "1",
          "-no-ssc", "meme_chip_out/meme_out/meme.xml",
          "/ocean/projects/bio230007p/jqu1/motif_database/JASPAR2022_CORE_non-redundant_pfms_meme.txt"
        ],
        "options": {
          "strands": "both",
          "distance_measure": "pearson",
          "threshold_type": "evalue",
          "threshold_value": 1,
          "background_source": "--query--"
        },
        "alphabet": {
          "name": "DNA",
          "like": "dna",
          "ncore": 4,
          "symbols": [
            {
              "symbol": "A",
              "name": "Adenine",
              "colour": "CC0000",
              "complement": "T"
            }, {
              "symbol": "C",
              "name": "Cytosine",
              "colour": "0000CC",
              "complement": "G"
            }, {
              "symbol": "G",
              "name": "Guanine",
              "colour": "FFB300",
              "complement": "C"
            }, {
              "symbol": "T",
              "aliases": "U",
              "name": "Thymine",
              "colour": "008000",
              "complement": "A"
            }, {
              "symbol": "N",
              "aliases": "X.",
              "name": "Any base",
              "equals": "ACGT"
            }, {
              "symbol": "V",
              "name": "Not T",
              "equals": "ACG"
            }, {
              "symbol": "H",
              "name": "Not G",
              "equals": "ACT"
            }, {
              "symbol": "D",
              "name": "Not C",
              "equals": "AGT"
            }, {
              "symbol": "B",
              "name": "Not A",
              "equals": "CGT"
            }, {
              "symbol": "M",
              "name": "Amino",
              "equals": "AC"
            }, {
              "symbol": "R",
              "name": "Purine",
              "equals": "AG"
            }, {
              "symbol": "W",
              "name": "Weak",
              "equals": "AT"
            }, {
              "symbol": "S",
              "name": "Strong",
              "equals": "CG"
            }, {
              "symbol": "Y",
              "name": "Pyrimidine",
              "equals": "CT"
            }, {
              "symbol": "K",
              "name": "Keto",
              "equals": "GT"
            }
          ]
        },
        "background": [0.257, 0.243, 0.243, 0.257],
        "query_dbs": [
          {
            "source": "meme_chip_out/meme_out/meme.xml",
            "name": "meme.xml",
            "loaded": 3,
            "excluded": 0,
            "last_modified": "Thu Apr 17 02:41:01 2025"
          }
        ],
        "target_dbs": [
          {
            "source": "/ocean/projects/bio230007p/jqu1/motif_database/JASPAR2022_CORE_non-redundant_pfms_meme.txt",
            "name": "JASPAR2022_CORE_non-redundant_pfms_meme.txt",
            "loaded": 1956,
            "excluded": 0,
            "last_modified": "Fri Feb 11 16:00:10 2022"
          }
        ],
        "queries": [
          {
            "db": 0,
            "id": "AAAAWWAAAAAAAAA",
            "alt": "MEME-2",
            "len": 15,
            "nsites": 154,
            "evalue": "1.1e-023",
            "pwm": [
              [0.675054, 0.052072, 0.00015769, 0.272717], 
              [0.999518, 0.00015769, 0.00015769, 0.000166775], 
              [0.707499, 0.194836, 0.00015769, 0.0975066], 
              [0.499842, 0.227283, 0.16239, 0.110485], 
              [0.642607, 0.00015769, 0.00015769, 0.357078], 
              [0.480374, 0.00015769, 0.00015769, 0.519311], 
              [0.675054, 0.019626, 0.305155, 0.000166775], 
              [0.707499, 0.142922, 0.149412, 0.000166775], 
              [0.993028, 0.00015769, 0.00015769, 0.00665656], 
              [0.636118, 0.0845189, 0.00015769, 0.279207], 
              [0.785371, 0.110476, 0.00015769, 0.103995], 
              [0.473885, 0.227283, 0.0715403, 0.227292], 
              [0.791861, 0.181858, 0.00015769, 0.0261239], 
              [0.856754, 0.00015769, 0.142922, 0.000166775], 
              [0.726968, 0.00015769, 0.00015769, 0.272717]
            ]
          }, {
            "db": 0,
            "id": "DRCCASYAGRKGGC",
            "alt": "MEME-1",
            "len": 14,
            "nsites": 1267,
            "evalue": "1.5e-581",
            "pwm": [
              [0.227311, 0.157071, 0.369366, 0.246252], 
              [0.335432, 0.0757832, 0.401723, 0.187062], 
              [0.107352, 0.782909, 0.0426358, 0.067103], 
              [2.02825e-05, 0.99994, 1.91777e-05, 2.02825e-05], 
              [0.867355, 0.00633268, 0.0592095, 0.067103], 
              [0.0363234, 0.612441, 0.326749, 0.0244854], 
              [0.170488, 0.403302, 0.0473714, 0.378838], 
              [0.899712, 0.0142251, 0.040269, 0.0457937], 
              [0.00791266, 1.91777e-05, 0.992048, 2.02825e-05], 
              [0.539836, 1.91777e-05, 0.460125, 2.02825e-05], 
              [2.02825e-05, 0.00633268, 0.501953, 0.491694], 
              [0.0173829, 1.91777e-05, 0.982578, 2.02825e-05], 
              [0.0181718, 0.00712162, 0.87051, 0.104195], 
              [0.102617, 0.793959, 0.0229064, 0.0805189]
            ]
          }, {
            "db": 0,
            "id": "GSGSCSGGSMGGSGGSSGSG",
            "alt": "MEME-3",
            "len": 20,
            "nsites": 167,
            "evalue": "6.4e+000",
            "pwm": [
              [0.0001538, 0.323305, 0.676387, 0.0001538], 
              [0.0001538, 0.413072, 0.58662, 0.0001538], 
              [0.0659824, 0.137788, 0.730247, 0.0659824], 
              [0.0659824, 0.389134, 0.538745, 0.00613822], 
              [0.131812, 0.592605, 0.143772, 0.131812], 
              [0.125828, 0.323305, 0.550714, 0.0001538], 
              [0.179687, 0.233539, 0.520792, 0.0659824], 
              [0.0001538, 0.329289, 0.670403, 0.0001538], 
              [0.0480291, 0.38315, 0.568667, 0.0001538], 
              [0.454971, 0.305352, 0.0839273, 0.15575], 
              [0.00613822, 0.173695, 0.80206, 0.018107], 
              [0.0001538, 0.287398, 0.712294, 0.0001538], 
              [0.197641, 0.341258, 0.460947, 0.0001538], 
              [0.059998, 0.257476, 0.53276, 0.149765], 
              [0.0420447, 0.269445, 0.65245, 0.0360603], 
              [0.0240915, 0.31732, 0.610558, 0.0480291], 
              [0.0001538, 0.496854, 0.478901, 0.0240915], 
              [0.143781, 0.0240831, 0.682372, 0.149765], 
              [0.0839356, 0.299367, 0.478901, 0.137796], 
              [0.0001538, 0.293383, 0.65245, 0.0540135]
            ]
          }
        ],
        "targets": [
          {
            "db": 0,
            "id": "MA0039.4",
            "alt": "KLF4",
            "len": 12,
            "nsites": 55817,
            "url": "http://jaspar.genereg.net/matrix/MA0039.4",
            "pwm": [
              [0.2252, 0.313883, 0.255173, 0.205744], 
              [0.205798, 0.2515, 0.330957, 0.211746], 
              [0.0441624, 0.881612, 0.0283614, 0.0458644], 
              [0.0377134, 0.857533, 0.0217504, 0.0830033], 
              [0.125786, 0.813461, 0.0254764, 0.0352764], 
              [0.0210154, 0.947291, 0.0142074, 0.0174864], 
              [0.81699, 0.00288443, 0.118208, 0.0619173], 
              [0.0152644, 0.938172, 0.0263364, 0.0202274], 
              [0.0289704, 0.915706, 0.0335024, 0.0218214], 
              [0.0215354, 0.914505, 0.0180054, 0.0459544], 
              [0.291381, 0.326943, 0.112726, 0.26895], 
              [0.178422, 0.344286, 0.25838, 0.218912]
            ]
          }, {
            "db": 0,
            "id": "MA0079.5",
            "alt": "SP1",
            "len": 9,
            "nsites": 1000,
            "url": "http://jaspar.genereg.net/matrix/MA0079.5",
            "pwm": [
              [0.00108059, 0.00107919, 0.950351, 0.047489], 
              [0.00108059, 0.00107919, 0.99676, 0.00108059], 
              [0.00108059, 0.00107919, 0.99676, 0.00108059], 
              [0.00108059, 0.00107919, 0.99676, 0.00108059], 
              [0.266877, 0.730963, 0.00107919, 0.00108059], 
              [0.00108059, 0.00107919, 0.99676, 0.00108059], 
              [0.00108059, 0.0854588, 0.91238, 0.00108059], 
              [0.254219, 0.0517071, 0.659241, 0.0348322], 
              [0.161402, 0.00107919, 0.836439, 0.00108059]
            ]
          }, {
            "db": 0,
            "id": "MA0103.3",
            "alt": "ZEB1",
            "len": 11,
            "nsites": 20129,
            "url": "http://jaspar.genereg.net/matrix/MA0103.3",
            "pwm": [
              [0.159521, 0.397336, 0.259725, 0.183417], 
              [0.232749, 0.275722, 0.25729, 0.234239], 
              [0.00566425, 0.953595, 0.00785017, 0.0328891], 
              [0.988868, 1.20721e-06, 0.0110802, 5.12765e-05], 
              [0.00159127, 0.987526, 0.00482018, 0.00606225], 
              [0.00958923, 0.956675, 0.032243, 0.00149127], 
              [0.000200276, 0.0248901, 0.0176371, 0.957273], 
              [0.0219102, 0.00884416, 0.962836, 0.00641024], 
              [0.0984658, 0.474985, 0.257241, 0.169308], 
              [0.211536, 0.30389, 0.327935, 0.15664], 
              [0.173382, 0.34552, 0.289533, 0.191564]
            ]
          }, {
            "db": 0,
            "id": "MA0139.1",
            "alt": "CTCF",
            "len": 19,
            "nsites": 913,
            "url": "http://jaspar.genereg.net/matrix/MA0139.1",
            "pwm": [
              [0.0953077, 0.318721, 0.0832595, 0.502711], 
              [0.182921, 0.158826, 0.453427, 0.204825], 
              [0.307771, 0.0536897, 0.491758, 0.146781], 
              [0.0613574, 0.876163, 0.0230251, 0.0394538], 
              [0.00878919, 0.988965, 2.66126e-05, 0.00221891], 
              [0.814835, 0.0142641, 0.0712128, 0.0996882], 
              [0.0438353, 0.578276, 0.365814, 0.0120748], 
              [0.11734, 0.474756, 0.0526528, 0.355252], 
              [0.93304, 0.0120863, 0.0351108, 0.019763], 
              [0.00551554, 2.66126e-05, 0.991136, 0.00332079], 
              [0.36552, 0.00331925, 0.621254, 0.00990606], 
              [0.0592977, 0.0131972, 0.553204, 0.374301], 
              [0.0132137, 2.66126e-05, 0.977942, 0.00881818], 
              [0.0615594, 0.00881665, 0.851581, 0.0780416], 
              [0.114427, 0.806319, 0.00552701, 0.0737271], 
              [0.409224, 0.014326, 0.557722, 0.0187281], 
              [0.0903263, 0.530805, 0.338096, 0.0407727], 
              [0.128869, 0.354614, 0.0804138, 0.436103], 
              [0.442711, 0.199344, 0.292947, 0.064999]
            ]
          }, {
            "db": 0,
            "id": "MA0162.4",
            "alt": "EGR1",
            "len": 14,
            "nsites": 30598,
            "url": "http://jaspar.genereg.net/matrix/MA0162.4",
            "pwm": [
              [0.231616, 0.379437, 0.216387, 0.17256], 
              [0.130629, 0.482024, 0.235669, 0.151677], 
              [0.474148, 0.336721, 0.125956, 0.0631746], 
              [0.0209828, 0.928261, 0.0247077, 0.0260478], 
              [0.167004, 0.0369637, 0.726745, 0.0692866], 
              [0.00741982, 0.958819, 0.0217337, 0.0120278], 
              [0.0470627, 0.892899, 0.0475526, 0.0124848], 
              [0.0102628, 0.9464, 0.0228127, 0.0205248], 
              [0.728706, 0.177136, 0.0693516, 0.0248068], 
              [0.00500082, 0.964342, 0.0228457, 0.00781181], 
              [0.153474, 0.0917055, 0.671415, 0.0834046], 
              [0.0316697, 0.823451, 0.0704956, 0.0743846], 
              [0.290967, 0.341231, 0.207366, 0.160435], 
              [0.124485, 0.447283, 0.256618, 0.171613]
            ]
          }, {
            "db": 0,
            "id": "MA0344.1",
            "alt": "NHP10",
            "len": 8,
            "nsites": 100,
            "url": "http://jaspar.genereg.net/matrix/MA0344.1",
            "pwm": [
              [0.200057, 0.100143, 0.599643, 0.100157], 
              [0.0786094, 0.764185, 0.0785954, 0.0786094], 
              [0.000256743, 0.999244, 0.000242757, 0.000256743], 
              [0.000256743, 0.000242757, 0.999244, 0.000256743], 
              [0.000256743, 0.000242757, 0.999244, 0.000256743], 
              [0.000256743, 0.000242757, 0.999244, 0.000256743], 
              [0.000256743, 0.000242757, 0.999244, 0.000256743], 
              [0.666258, 0.0785954, 0.176537, 0.0786094]
            ]
          }, {
            "db": 0,
            "id": "MA0375.1",
            "alt": "RSC30",
            "len": 8,
            "nsites": 100,
            "url": "http://jaspar.genereg.net/matrix/MA0375.1",
            "pwm": [
              [0.190067, 0.499743, 0.190053, 0.120137], 
              [0.15162, 0.383697, 0.464425, 0.000256743], 
              [0.000256743, 0.919324, 0.0801628, 0.000256743], 
              [0.000256743, 0.0801628, 0.919324, 0.000256743], 
              [0.000256743, 0.919324, 0.0801628, 0.000256743], 
              [0.000256743, 0.000242757, 0.999244, 0.000256743], 
              [0.000256743, 0.849394, 0.150093, 0.000256743], 
              [0.000256743, 0.309933, 0.689553, 0.000256743]
            ]
          }, {
            "db": 0,
            "id": "MA0456.1",
            "alt": "opa",
            "len": 12,
            "nsites": 18,
            "url": "http://jaspar.genereg.net/matrix/MA0456.1",
            "pwm": [
              [0.00141989, 0.0565916, 0.830071, 0.111917], 
              [0.553907, 0.388083, 0.0565916, 0.00141989], 
              [0.056669, 0.885321, 0.00134254, 0.056669], 
              [0.056669, 0.830071, 0.0565916, 0.056669], 
              [0.00141989, 0.885321, 0.0565916, 0.056669], 
              [0.00141989, 0.995818, 0.00134254, 0.00141989], 
              [0.00141989, 0.995818, 0.00134254, 0.00141989], 
              [0.00141989, 0.774823, 0.00134254, 0.222414], 
              [0.222414, 0.00134254, 0.719574, 0.056669], 
              [0.00141989, 0.774823, 0.11184, 0.111917], 
              [0.167166, 0.0565916, 0.222337, 0.553907], 
              [0.111917, 0.00134254, 0.885321, 0.00141989]
            ]
          }, {
            "db": 0,
            "id": "MA0471.2",
            "alt": "E2F6",
            "len": 13,
            "nsites": 33098,
            "url": "http://jaspar.genereg.net/matrix/MA0471.2",
            "pwm": [
              [0.220436, 0.243972, 0.373376, 0.162215], 
              [0.253157, 0.22373, 0.351955, 0.171158], 
              [0.288144, 0.154148, 0.349326, 0.208381], 
              [0.0637506, 0.0346856, 0.887876, 0.0136877], 
              [0.00803775, 0.0252897, 0.960479, 0.00619476], 
              [0.116503, 0.798354, 0.0209387, 0.0642036], 
              [0.0354407, 0.0162857, 0.923709, 0.0245637], 
              [0.0102127, 0.0131137, 0.966008, 0.0106657], 
              [0.0106967, 0.0251987, 0.955161, 0.00894375], 
              [0.886366, 0.0353806, 0.0701555, 0.00809775], 
              [0.777235, 0.0481906, 0.151701, 0.0228717], 
              [0.271769, 0.223881, 0.378573, 0.125778], 
              [0.230105, 0.256118, 0.344583, 0.169195]
            ]
          }, {
            "db": 0,
            "id": "MA0493.2",
            "alt": "KLF1",
            "len": 9,
            "nsites": 1000,
            "url": "http://jaspar.genereg.net/matrix/MA0493.2",
            "pwm": [
              [0.246447, 0.0706462, 0.374506, 0.308402], 
              [0.000612639, 0.000611239, 0.998162, 0.000612639], 
              [0.000612639, 0.000611239, 0.998162, 0.000612639], 
              [0.000612639, 0.000611239, 0.998162, 0.000612639], 
              [0.124885, 0.528662, 0.000611239, 0.345841], 
              [0.000612639, 0.000611239, 0.998162, 0.000612639], 
              [0.000612639, 0.000611239, 0.67508, 0.323695], 
              [0.0821985, 0.000611239, 0.896053, 0.0211376], 
              [0.000612639, 0.000611239, 0.998162, 0.000612639]
            ]
          }, {
            "db": 0,
            "id": "MA0506.2",
            "alt": "Nrf1",
            "len": 15,
            "nsites": 12729,
            "url": "http://jaspar.genereg.net/matrix/MA0506.2",
            "pwm": [
              [0.172442, 0.268521, 0.387382, 0.171656], 
              [0.196716, 0.336553, 0.203237, 0.263493], 
              [0.101266, 0.566263, 0.261607, 0.0708635], 
              [0.0584506, 0.143846, 0.0678784, 0.729826], 
              [0.0349617, 0.0266337, 0.930233, 0.00817195], 
              [0.0320548, 0.925677, 0.0269477, 0.0153209], 
              [0.0224698, 0.0151638, 0.944766, 0.0175999], 
              [0.0115499, 0.929997, 0.0400676, 0.0183849], 
              [0.340324, 0.430119, 0.197502, 0.0320548], 
              [0.0100579, 0.0453316, 0.0350396, 0.909572], 
              [0.00534398, 0.0197208, 0.968177, 0.00675797], 
              [0.0102929, 0.953957, 0.0157928, 0.0199559], 
              [0.0215278, 0.0452526, 0.87744, 0.0557796], 
              [0.0334688, 0.6647, 0.0791903, 0.222641], 
              [0.326576, 0.19648, 0.376305, 0.100637]
            ]
          }, {
            "db": 0,
            "id": "MA0516.3",
            "alt": "SP2",
            "len": 9,
            "nsites": 1000,
            "url": "http://jaspar.genereg.net/matrix/MA0516.3",
            "pwm": [
              [0.153236, 0.000757224, 0.766077, 0.0799297], 
              [0.167898, 0.000757224, 0.830586, 0.000758624], 
              [0.000758624, 0.000757224, 0.997726, 0.000758624], 
              [0.000758624, 0.000757224, 0.997726, 0.000758624], 
              [0.112184, 0.8863, 0.000757224, 0.000758624], 
              [0.000758624, 0.000757224, 0.997726, 0.000758624], 
              [0.000758624, 0.000757224, 0.974267, 0.0242173], 
              [0.120982, 0.000757224, 0.877503, 0.000758624], 
              [0.206017, 0.164964, 0.610667, 0.0183519]
            ]
          }, {
            "db": 0,
            "id": "MA0522.3",
            "alt": "TCF3",
            "len": 11,
            "nsites": 31261,
            "url": "http://jaspar.genereg.net/matrix/MA0522.3",
            "pwm": [
              [0.200569, 0.326669, 0.273152, 0.19961], 
              [0.256934, 0.296504, 0.301718, 0.144845], 
              [0.0150038, 0.939795, 0.0226487, 0.0225527], 
              [0.924984, 0.0126687, 0.0503506, 0.0119968], 
              [0.00988579, 0.916156, 0.0435696, 0.0303897], 
              [0.0360517, 0.87006, 0.0848345, 0.00905379], 
              [0.0121568, 0.0640736, 0.0428336, 0.880936], 
              [0.0348367, 0.0332047, 0.916219, 0.0157388], 
              [0.00943779, 0.919418, 0.0315737, 0.0395707], 
              [0.23275, 0.279166, 0.25671, 0.231375], 
              [0.175458, 0.32379, 0.295, 0.205752]
            ]
          }, {
            "db": 0,
            "id": "MA0528.2",
            "alt": "ZNF263",
            "len": 12,
            "nsites": 56343,
            "url": "http://jaspar.genereg.net/matrix/MA0528.2",
            "pwm": [
              [0.235823, 0.23144, 0.359991, 0.172746], 
              [0.195517, 0.264611, 0.317395, 0.222477], 
              [0.230747, 0.109739, 0.513143, 0.146371], 
              [0.0285754, 0.0294454, 0.919439, 0.0225414], 
              [0.0140044, 0.0274044, 0.937436, 0.0211564], 
              [0.0168614, 0.0172514, 0.948387, 0.0175004], 
              [0.95664, 0.0294624, 0.00289343, 0.0110044], 
              [0.0147314, 0.0171454, 0.938447, 0.0296754], 
              [0.0123354, 0.0388694, 0.936069, 0.0127264], 
              [0.931774, 0.0312024, 0.0257004, 0.0113244], 
              [0.169302, 0.273557, 0.440605, 0.116536], 
              [0.149726, 0.207461, 0.445752, 0.197061]
            ]
          }, {
            "db": 0,
            "id": "MA0531.1",
            "alt": "CTCF",
            "len": 15,
            "nsites": 1902,
            "url": "http://jaspar.genereg.net/matrix/MA0531.1",
            "pwm": [
              [0.160888, 0.460557, 0.211884, 0.166672], 
              [0.164569, 0.60303, 0.115149, 0.117252], 
              [0.240274, 0.201369, 0.43427, 0.124087], 
              [0.35541, 0.412189, 0.18402, 0.048381], 
              [0.135127, 0.375387, 0.0457514, 0.443733], 
              [0.80649, 0.000538748, 0.100953, 0.0920167], 
              [0.106212, 1.27754e-05, 0.893762, 1.35114e-05], 
              [0.518913, 1.27754e-05, 0.479483, 0.00159043], 
              [0.00106546, 0.00211566, 0.163516, 0.833303], 
              [1.35114e-05, 1.27754e-05, 0.99996, 1.35114e-05], 
              [0.00106546, 1.27754e-05, 0.868526, 0.130396], 
              [0.0652051, 0.864846, 0.00158969, 0.0683589], 
              [0.000539484, 1.27754e-05, 0.950016, 0.0494329], 
              [0.0415463, 0.795975, 0.00421855, 0.158259], 
              [0.121458, 0.406405, 0.0757188, 0.396418]
            ]
          }, {
            "db": 0,
            "id": "MA0535.1",
            "alt": "Mad",
            "len": 15,
            "nsites": 102,
            "url": "http://jaspar.genereg.net/matrix/MA0535.1",
            "pwm": [
              [0.000251714, 0.470365, 0.460571, 0.0688115], 
              [0.343053, 0.25489, 0.127564, 0.274493], 
              [0.000251714, 0.137359, 0.862138, 0.000251714], 
              [0.343053, 0.000238002, 0.54872, 0.107989], 
              [0.000251714, 0.999259, 0.000238002, 0.000251714], 
              [0.000251714, 0.000238002, 0.999259, 0.000251714], 
              [0.225521, 0.636869, 0.000238002, 0.137372], 
              [0.000251714, 0.695634, 0.303862, 0.000251714], 
              [0.284287, 0.000238002, 0.715223, 0.000251714], 
              [0.284287, 0.382217, 0.333245, 0.000251714], 
              [0.107989, 0.519337, 0.245096, 0.127578], 
              [0.284287, 0.000238002, 0.715223, 0.000251714], 
              [0.117783, 0.470365, 0.264685, 0.147167], 
              [0.313669, 0.333245, 0.156947, 0.196138], 
              [0.107989, 0.274479, 0.61728, 0.000251714]
            ]
          }, {
            "db": 0,
            "id": "MA0554.1",
            "alt": "SOC1",
            "len": 15,
            "nsites": 888,
            "url": "http://jaspar.genereg.net/matrix/MA0554.1",
            "pwm": [
              [0.324316, 0.138526, 0.111501, 0.425657], 
              [0.193701, 0.297291, 0.127265, 0.381743], 
              [0.0732187, 0.0304289, 0.0383111, 0.85804], 
              [0.0698411, 2.73618e-05, 0.0574529, 0.872679], 
              [0.131771, 0.0529494, 0.100241, 0.715038], 
              [0.0225494, 0.962757, 0.0146657, 2.89382e-05], 
              [2.89382e-05, 0.694769, 0.0101612, 0.295041], 
              [0.516863, 0.0416897, 0.0630833, 0.378364], 
              [0.154291, 0.0878555, 2.73618e-05, 0.757827], 
              [0.146408, 0.0067836, 2.73618e-05, 0.846781], 
              [0.0248011, 0.00903535, 2.73618e-05, 0.966136], 
              [0.110377, 0.0270513, 2.73618e-05, 0.862545], 
              [0.101369, 0.0799734, 0.0968635, 0.721795], 
              [0.203835, 0.0112871, 0.769085, 0.0157932], 
              [0.0191708, 0.0259254, 0.748817, 0.206087]
            ]
          }, {
            "db": 0,
            "id": "MA0555.1",
            "alt": "SVP",
            "len": 20,
            "nsites": 92,
            "url": "http://jaspar.genereg.net/matrix/MA0555.1",
            "pwm": [
              [0.304297, 0.260851, 0.228277, 0.206577], 
              [0.304297, 0.119699, 0.0871264, 0.488878], 
              [0.304297, 0.011122, 0.108842, 0.575741], 
              [0.358586, 0.173988, 0.119699, 0.347727], 
              [0.0762834, 0.923174, 0.000263844, 0.000279044], 
              [0.0328526, 0.858027, 0.011122, 0.0979988], 
              [0.63003, 0.173988, 0.0762682, 0.119714], 
              [0.727749, 0.0545528, 0.0871264, 0.130572], 
              [0.934047, 0.000263844, 0.000263844, 0.0654252], 
              [0.836327, 0.011122, 0.0219792, 0.130572], 
              [0.847184, 0.0871264, 0.0328374, 0.0328526], 
              [0.369443, 0.108842, 0.152273, 0.369443], 
              [0.174003, 0.000263844, 0.803739, 0.0219944], 
              [0.000279044, 0.000263844, 0.999178, 0.000279044], 
              [0.77118, 0.108842, 0.000263844, 0.119714], 
              [0.912331, 0.0219792, 0.0219792, 0.0437098], 
              [0.836327, 0.0762682, 0.0219792, 0.0654252], 
              [0.369443, 0.0871264, 0.423717, 0.119714], 
              [0.543167, 0.173988, 0.0545528, 0.228292], 
              [0.412874, 0.228277, 0.0328374, 0.326012]
            ]
          }, {
            "db": 0,
            "id": "MA0597.2",
            "alt": "THAP1",
            "len": 12,
            "nsites": 5178,
            "url": "http://jaspar.genereg.net/matrix/MA0597.2",
            "pwm": [
              [0.185401, 0.299149, 0.363845, 0.151605], 
              [0.161841, 0.358051, 0.321937, 0.158171], 
              [0.0921242, 0.18656, 0.615288, 0.106028], 
              [0.106801, 0.647153, 0.180186, 0.0658597], 
              [0.91366, 0.0422979, 0.0424909, 0.00154993], 
              [0.00425388, 0.0245312, 0.957499, 0.0137167], 
              [0.00772981, 0.035346, 0.944945, 0.0119787], 
              [0.0175786, 0.0129434, 0.954409, 0.0150687], 
              [0.0189306, 0.938766, 0.0200893, 0.0222135], 
              [0.946298, 0.0183513, 0.0332211, 0.00212892], 
              [0.130361, 0.284279, 0.458474, 0.126886], 
              [0.18907, 0.310157, 0.361141, 0.139631]
            ]
          }, {
            "db": 0,
            "id": "MA0679.2",
            "alt": "ONECUT1",
            "len": 16,
            "nsites": 62219,
            "url": "http://jaspar.genereg.net/matrix/MA0679.2",
            "pwm": [
              [0.426204, 0.160932, 0.189878, 0.222987], 
              [0.459795, 0.132387, 0.198782, 0.209036], 
              [0.483132, 0.136261, 0.155194, 0.225413], 
              [0.609556, 0.121426, 0.0988282, 0.170189], 
              [0.838103, 0.0162494, 0.125267, 0.0203804], 
              [0.964576, 0.00575438, 0.0187404, 0.0109294], 
              [0.0077474, 0.00472538, 0.00387338, 0.983654], 
              [0.0216174, 0.967244, 0.00446838, 0.0066704], 
              [0.957825, 0.00704038, 0.0197054, 0.0154294], 
              [0.978318, 0.00397038, 0.00588238, 0.0118294], 
              [0.00361641, 0.00572238, 0.00260439, 0.988057], 
              [0.779889, 0.0554653, 0.0975912, 0.0670533], 
              [0.498867, 0.163712, 0.123114, 0.214308], 
              [0.403478, 0.167168, 0.128707, 0.300648], 
              [0.301258, 0.166975, 0.162796, 0.368971], 
              [0.320352, 0.190408, 0.180106, 0.309134]
            ]
          }, {
            "db": 0,
            "id": "MA0685.2",
            "alt": "SP4",
            "len": 9,
            "nsites": 999,
            "url": "http://jaspar.genereg.net/matrix/MA0685.2",
            "pwm": [
              [0.149049, 0.000711253, 0.654492, 0.195748], 
              [0.000712654, 0.000711253, 0.997864, 0.000712654], 
              [0.000712654, 0.000711253, 0.997864, 0.000712654], 
              [0.000712654, 0.000711253, 0.997864, 0.000712654], 
              [0.27541, 0.723166, 0.000711253, 0.000712654], 
              [0.000712654, 0.000711253, 0.997864, 0.000712654], 
              [0.000712654, 0.000711253, 0.920948, 0.077628], 
              [0.289145, 0.000711253, 0.659986, 0.0501577], 
              [0.000712654, 0.000711253, 0.997864, 0.000712654]
            ]
          }, {
            "db": 0,
            "id": "MA0740.2",
            "alt": "KLF14",
            "len": 9,
            "nsites": 999,
            "url": "http://jaspar.genereg.net/matrix/MA0740.2",
            "pwm": [
              [0.0311806, 0.000660258, 0.619487, 0.348672], 
              [0.000661659, 0.000660258, 0.998016, 0.000661659], 
              [0.000661659, 0.000660258, 0.998016, 0.000661659], 
              [0.000661659, 0.000660258, 0.998016, 0.000661659], 
              [0.0949212, 0.814335, 0.000660258, 0.0900837], 
              [0.000661659, 0.000660258, 0.998016, 0.000661659], 
              [0.000661659, 0.000660258, 0.71785, 0.280828], 
              [0.10772, 0.000660258, 0.890958, 0.000661659], 
              [0.19862, 0.0621061, 0.738612, 0.000661659]
            ]
          }, {
            "db": 0,
            "id": "MA0742.2",
            "alt": "KLF12",
            "len": 9,
            "nsites": 999,
            "url": "http://jaspar.genereg.net/matrix/MA0742.2",
            "pwm": [
              [0.101964, 0.000673257, 0.709693, 0.187669], 
              [0.0863811, 0.000673257, 0.912271, 0.000674658], 
              [0.000674658, 0.000673257, 0.997976, 0.000674658], 
              [0.000674658, 0.000673257, 0.997976, 0.000674658], 
              [0.047424, 0.951228, 0.000673257, 0.000674658], 
              [0.000674658, 0.000673257, 0.997976, 0.000674658], 
              [0.00586914, 0.0785875, 0.725277, 0.190267], 
              [0.0682009, 0.000673257, 0.93045, 0.000674658], 
              [0.000674658, 0.000673257, 0.969408, 0.0292438]
            ]
          }, {
            "db": 0,
            "id": "MA0750.2",
            "alt": "ZBTB7A",
            "len": 13,
            "nsites": 14641,
            "url": "http://jaspar.genereg.net/matrix/MA0750.2",
            "pwm": [
              [0.282494, 0.239874, 0.284612, 0.19302], 
              [0.190083, 0.365821, 0.300321, 0.143775], 
              [0.0325815, 0.851645, 0.10218, 0.0135937], 
              [0.170071, 0.771323, 0.0426214, 0.0159846], 
              [0.0118177, 0.0143446, 0.965093, 0.0087447], 
              [0.0077877, 0.0111346, 0.972538, 0.0085397], 
              [0.946242, 0.0187165, 0.0228825, 0.0121597], 
              [0.937021, 0.0234285, 0.0178285, 0.0217216], 
              [0.0429635, 0.0485633, 0.895563, 0.0129107], 
              [0.0779332, 0.234479, 0.110854, 0.576735], 
              [0.119119, 0.16973, 0.624408, 0.0867442], 
              [0.185028, 0.29957, 0.400381, 0.11502], 
              [0.194659, 0.33167, 0.318898, 0.154772]
            ]
          }, {
            "db": 0,
            "id": "MA0753.2",
            "alt": "ZNF740",
            "len": 13,
            "nsites": 1055,
            "url": "http://jaspar.genereg.net/matrix/MA0753.2",
            "pwm": [
              [0.176311, 0.475807, 0.172519, 0.175363], 
              [0.125691, 0.525186, 0.0558747, 0.293248], 
              [0.298314, 0.140757, 0.432891, 0.128038], 
              [0.0499776, 0.878375, 0.0308281, 0.0408195], 
              [0.0932355, 0.894006, 0.0118859, 0.000871278], 
              [0.0164908, 0.965165, 0.00368268, 0.014662], 
              [0.0200405, 0.959896, 0.00639143, 0.0136721], 
              [0.0210844, 0.966048, 0.00276977, 0.0100964], 
              [0.00929948, 0.978594, 0.00651642, 0.00558983], 
              [0.00190518, 0.992403, 0.00284476, 0.00284609], 
              [0.0974731, 0.894006, 0.00510755, 0.00341404], 
              [0.705172, 0.159767, 0.0454737, 0.0895879], 
              [0.132534, 0.675375, 0.0345908, 0.157499]
            ]
          }, {
            "db": 0,
            "id": "MA1102.2",
            "alt": "CTCFL",
            "len": 12,
            "nsites": 18037,
            "url": "http://jaspar.genereg.net/matrix/MA1102.2",
            "pwm": [
              [0.322947, 0.231746, 0.268559, 0.176748], 
              [0.14742, 0.38992, 0.393302, 0.069358], 
              [0.072131, 0.713364, 0.112714, 0.101792], 
              [0.957472, 0.0228982, 0.0182412, 0.00138742], 
              [0.0047694, 0.0266682, 0.958304, 0.0102584], 
              [0.0379232, 0.0332662, 0.915392, 0.0134184], 
              [0.0193503, 0.06326, 0.855184, 0.0622061], 
              [0.0107014, 0.0425251, 0.932468, 0.0143053], 
              [0.0194613, 0.0149703, 0.942559, 0.0230093], 
              [0.0100364, 0.97538, 0.00377133, 0.0108124], 
              [0.23097, 0.167156, 0.515549, 0.0863239], 
              [0.0981879, 0.428396, 0.351554, 0.121862]
            ]
          }, {
            "db": 0,
            "id": "MA1122.1",
            "alt": "TFDP1",
            "len": 11,
            "nsites": 2007,
            "url": "http://jaspar.genereg.net/matrix/MA1122.1",
            "pwm": [
              [0.204786, 0.244644, 0.387138, 0.163433], 
              [0.131047, 0.340802, 0.46835, 0.0598008], 
              [0.0239276, 0.0353863, 0.927719, 0.0129672], 
              [0.0139631, 0.939676, 0.0109736, 0.035387], 
              [0.00698846, 0.0269168, 0.962595, 0.00350063], 
              [0.0179489, 0.0398701, 0.929214, 0.0129672], 
              [0.0134651, 0.0159553, 0.956117, 0.0144611], 
              [0.924232, 0.0119695, 0.0488387, 0.0149601], 
              [0.819603, 0.0847119, 0.0682697, 0.0274154], 
              [0.23169, 0.322368, 0.322866, 0.123076], 
              [0.189839, 0.300944, 0.322866, 0.186352]
            ]
          }, {
            "db": 0,
            "id": "MA1125.1",
            "alt": "ZNF384",
            "len": 12,
            "nsites": 30433,
            "url": "http://jaspar.genereg.net/matrix/MA1125.1",
            "pwm": [
              [0.310847, 0.162488, 0.185654, 0.341011], 
              [0.299543, 0.230835, 0.168666, 0.300956], 
              [0.312884, 0.113561, 0.153715, 0.419839], 
              [0.431274, 0.252719, 0.155128, 0.160878], 
              [0.997402, 0.000230798, 0.000427797, 0.00193984], 
              [0.992046, 0.00115079, 0.000624796, 0.00617882], 
              [0.988136, 0.000690796, 0.000854796, 0.0103188], 
              [0.994051, 0.000427797, 0.000493797, 0.00502783], 
              [0.992408, 0.000854796, 0.000460797, 0.00627682], 
              [0.999111, 0.000197798, 7.98473e-07, 0.000690842], 
              [0.667761, 0.0955545, 0.0909215, 0.145763], 
              [0.621561, 0.13022, 0.0952265, 0.152992]
            ]
          }, {
            "db": 0,
            "id": "MA1156.1",
            "alt": "JKD",
            "len": 20,
            "nsites": 596,
            "url": "http://jaspar.genereg.net/matrix/MA1156.1",
            "pwm": [
              [0.273487, 0.181218, 0.112438, 0.432856], 
              [0.270132, 0.16612, 0.120825, 0.442922], 
              [0.27181, 0.169475, 0.132569, 0.426146], 
              [0.295296, 0.105728, 0.125859, 0.473118], 
              [0.243291, 0.117471, 0.124181, 0.515058], 
              [0.139282, 0.0503683, 0.052045, 0.758305], 
              [0.0101084, 0.040302, 0.0218491, 0.927739], 
              [4.31136e-05, 0.00842836, 0.00675064, 0.984777], 
              [4.31136e-05, 0.016817, 4.0765e-05, 0.983099], 
              [4.31136e-05, 4.0765e-05, 0.999873, 4.31136e-05], 
              [4.31136e-05, 4.0765e-05, 0.0218491, 0.978067], 
              [0.018496, 0.946191, 4.0765e-05, 0.0352722], 
              [0.0520474, 0.10405, 0.555317, 0.288586], 
              [0.0151416, 0.0335921, 0.0704989, 0.880767], 
              [0.0956651, 0.16612, 0.0570782, 0.681137], 
              [0.145992, 4.0765e-05, 4.0765e-05, 0.853927], 
              [0.224837, 0.0453352, 0.0134615, 0.716366], 
              [0.119151, 0.382527, 0.323812, 0.174511], 
              [0.0788889, 0.226513, 0.0654658, 0.629133], 
              [0.239936, 0.0923073, 0.350653, 0.317104]
            ]
          }, {
            "db": 0,
            "id": "MA1157.1",
            "alt": "NUC",
            "len": 20,
            "nsites": 570,
            "url": "http://jaspar.genereg.net/matrix/MA1157.1",
            "pwm": [
              [0.243862, 0.180713, 0.152648, 0.422778], 
              [0.24737, 0.182467, 0.15791, 0.412254], 
              [0.264911, 0.191237, 0.145631, 0.398221], 
              [0.298239, 0.135107, 0.147385, 0.41927], 
              [0.222813, 0.133352, 0.149139, 0.494695], 
              [0.122831, 0.0824842, 0.0737137, 0.720972], 
              [0.0140776, 0.0579275, 0.0333698, 0.894625], 
              [4.50798e-05, 0.00881309, 0.0140752, 0.977067], 
              [4.50798e-05, 0.0140752, 4.26241e-05, 0.985837], 
              [4.50798e-05, 4.26241e-05, 0.999867, 4.50798e-05], 
              [4.50798e-05, 4.26241e-05, 0.00881309, 0.991099], 
              [4.50798e-05, 0.999867, 4.26241e-05, 4.50798e-05], 
              [0.0316185, 0.0895009, 0.668346, 0.210534], 
              [0.00530716, 0.0333698, 0.0579275, 0.903396], 
              [0.110552, 0.156155, 0.0807305, 0.652563], 
              [0.129847, 4.26241e-05, 0.0053047, 0.864805], 
              [0.259649, 0.07196, 0.026354, 0.642037], 
              [0.0982738, 0.321039, 0.354366, 0.226321], 
              [0.0421427, 0.259646, 0.0965167, 0.601694], 
              [0.22983, 0.094763, 0.398219, 0.277189]
            ]
          }, {
            "db": 0,
            "id": "MA1158.1",
            "alt": "MGP",
            "len": 20,
            "nsites": 594,
            "url": "http://jaspar.genereg.net/matrix/MA1158.1",
            "pwm": [
              [0.314805, 0.341734, 0.0842017, 0.259259], 
              [0.611051, 0.0842017, 0.234009, 0.0707384], 
              [0.240744, 0.30807, 0.311436, 0.139751], 
              [0.676697, 0.0252897, 0.0842017, 0.213812], 
              [0.861851, 4.09022e-05, 0.00340734, 0.134701], 
              [0.708678, 0.0438045, 0.122916, 0.124601], 
              [0.92918, 0.035389, 0.0337052, 0.00172698], 
              [0.257576, 0.637981, 0.0875682, 0.0168754], 
              [4.32587e-05, 4.09022e-05, 0.999873, 4.32587e-05], 
              [0.998191, 4.09022e-05, 0.00172462, 4.32587e-05], 
              [4.32587e-05, 0.999873, 4.09022e-05, 4.32587e-05], 
              [0.972943, 4.09022e-05, 0.0269724, 4.32587e-05], 
              [0.988092, 0.00509105, 0.00677377, 4.32587e-05], 
              [0.952745, 0.0151904, 0.0269724, 0.00509341], 
              [0.814721, 0.047171, 0.0320225, 0.106086], 
              [0.53699, 0.134698, 0.094301, 0.234011], 
              [0.47976, 0.129649, 0.1145, 0.276091], 
              [0.452829, 0.121232, 0.188561, 0.237377], 
              [0.43263, 0.134698, 0.158263, 0.274408], 
              [0.44273, 0.1145, 0.175095, 0.267675]
            ]
          }, {
            "db": 0,
            "id": "MA1159.1",
            "alt": "SGR5",
            "len": 15,
            "nsites": 600,
            "url": "http://jaspar.genereg.net/matrix/MA1159.1",
            "pwm": [
              [0.488294, 0.210005, 0.0666964, 0.235004], 
              [0.571615, 0.0950247, 0.266663, 0.0666987], 
              [0.566615, 0.0800272, 0.193341, 0.160016], 
              [0.72159, 4.04933e-05, 0.0733613, 0.205009], 
              [0.516624, 0.026703, 0.045033, 0.411641], 
              [0.809908, 0.0367014, 0.153348, 4.28262e-05], 
              [0.886562, 0.00670638, 0.0367014, 0.0700312], 
              [0.0550337, 4.04933e-05, 0.943216, 0.00170955], 
              [0.984879, 0.0100388, 4.04933e-05, 0.00504199], 
              [4.28262e-05, 0.998207, 0.00170722, 4.28262e-05], 
              [0.986545, 0.00170722, 0.0117055, 4.28262e-05], 
              [0.996544, 0.00170722, 4.04933e-05, 0.00170955], 
              [0.93322, 0.0167047, 0.0183704, 0.0317045], 
              [0.713257, 0.0566981, 0.0350347, 0.19501], 
              [0.474964, 0.13835, 0.0716956, 0.31499]
            ]
          }, {
            "db": 0,
            "id": "MA1160.1",
            "alt": "IDD6",
            "len": 20,
