<!DOCTYPE HTML>
<html>
  <head>
    <meta charset="UTF-8">
    <title>Tomtom Results</title>
    <script>
      // @JSON_VAR data
      var data = {
        "program": "Tomtom",
        "version": "5.4.1",
        "release": "Sat Aug 21 19:23:23 2021 -0700",
        "cmd": [
          "tomtom", "-verbosity", "1", "-oc", "ps_promoters/meme_tomtom_out",
          "-min-overlap", "5", "-dist", "pearson", "-evalue", "-thresh", "1",
          "-no-ssc", "ps_promoters/meme_out/meme.xml",
          "/ocean/projects/bio230007p/jqu1/motif_database/JASPAR2022_CORE_non-redundant_pfms_meme.txt"
        ],
        "options": {
          "strands": "both",
          "distance_measure": "pearson",
          "threshold_type": "evalue",
          "threshold_value": 1,
          "background_source": "--query--"
        },
        "alphabet": {
          "name": "DNA",
          "like": "dna",
          "ncore": 4,
          "symbols": [
            {
              "symbol": "A",
              "name": "Adenine",
              "colour": "CC0000",
              "complement": "T"
            }, {
              "symbol": "C",
              "name": "Cytosine",
              "colour": "0000CC",
              "complement": "G"
            }, {
              "symbol": "G",
              "name": "Guanine",
              "colour": "FFB300",
              "complement": "C"
            }, {
              "symbol": "T",
              "aliases": "U",
              "name": "Thymine",
              "colour": "008000",
              "complement": "A"
            }, {
              "symbol": "N",
              "aliases": "X.",
              "name": "Any base",
              "equals": "ACGT"
            }, {
              "symbol": "V",
              "name": "Not T",
              "equals": "ACG"
            }, {
              "symbol": "H",
              "name": "Not G",
              "equals": "ACT"
            }, {
              "symbol": "D",
              "name": "Not C",
              "equals": "AGT"
            }, {
              "symbol": "B",
              "name": "Not A",
              "equals": "CGT"
            }, {
              "symbol": "M",
              "name": "Amino",
              "equals": "AC"
            }, {
              "symbol": "R",
              "name": "Purine",
              "equals": "AG"
            }, {
              "symbol": "W",
              "name": "Weak",
              "equals": "AT"
            }, {
              "symbol": "S",
              "name": "Strong",
              "equals": "CG"
            }, {
              "symbol": "Y",
              "name": "Pyrimidine",
              "equals": "CT"
            }, {
              "symbol": "K",
              "name": "Keto",
              "equals": "GT"
            }
          ]
        },
        "background": [0.194, 0.306, 0.306, 0.194],
        "query_dbs": [
          {
            "source": "ps_promoters/meme_out/meme.xml",
            "name": "meme.xml",
            "loaded": 3,
            "excluded": 0,
            "last_modified": "Thu Apr 17 03:40:11 2025"
          }
        ],
        "target_dbs": [
          {
            "source": "/ocean/projects/bio230007p/jqu1/motif_database/JASPAR2022_CORE_non-redundant_pfms_meme.txt",
            "name": "JASPAR2022_CORE_non-redundant_pfms_meme.txt",
            "loaded": 1956,
            "excluded": 0,
            "last_modified": "Fri Feb 11 16:00:10 2022"
          }
        ],
        "queries": [
          {
            "db": 0,
            "id": "GGCSGSGGCGGSGSSGGCGG",
            "alt": "MEME-1",
            "len": 20,
            "nsites": 101,
            "evalue": "2.4e-076",
            "pwm": [
              [0.0496479, 0.00030267, 0.949858, 0.000191889], 
              [0.000191889, 0.0398675, 0.959749, 0.000191889], 
              [0.118886, 0.583883, 0.247583, 0.0496479], 
              [0.0298655, 0.30693, 0.554209, 0.108995], 
              [0.000191889, 0.00030267, 0.989422, 0.0100831], 
              [0.000191889, 0.494863, 0.504753, 0.000191889], 
              [0.0793215, 0.0101939, 0.860837, 0.0496479], 
              [0.0298655, 0.158562, 0.791598, 0.0199743], 
              [0.0595391, 0.732251, 0.128888, 0.0793215], 
              [0.0397567, 0.158562, 0.672904, 0.128778], 
              [0.0199743, 0.0992147, 0.870728, 0.0100831], 
              [0.0892127, 0.38606, 0.524536, 0.000191889], 
              [0.0892127, 0.0101939, 0.900401, 0.000191889], 
              [0.0496479, 0.326712, 0.623448, 0.000191889], 
              [0.108995, 0.524536, 0.346495, 0.0199743], 
              [0.0298655, 0.287148, 0.633339, 0.0496479], 
              [0.0199743, 0.0101939, 0.870728, 0.099104], 
              [0.0298655, 0.633339, 0.30693, 0.0298655], 
              [0.000191889, 0.237692, 0.761925, 0.000191889], 
              [0.0694303, 0.109106, 0.682795, 0.138669]
            ]
          }, {
            "db": 0,
            "id": "GRGRRKGGGRAGGRGGVRG",
            "alt": "MEME-3",
            "len": 19,
            "nsites": 82,
            "evalue": "4.0e-032",
            "pwm": [
              [0.17076, 0.0734546, 0.75555, 0.000236297], 
              [0.438726, 0.000372716, 0.560665, 0.000236297], 
              [0.0733182, 0.0734546, 0.852992, 0.000236297], 
              [0.402185, 0.0978149, 0.487584, 0.0124164], 
              [0.402185, 0.000372716, 0.511944, 0.0854983], 
              [0.207301, 0.0734546, 0.451043, 0.268203], 
              [0.122039, 0.000372716, 0.877352, 0.000236297], 
              [0.15858, 0.000372716, 0.840811, 0.000236297], 
              [0.304743, 0.0612744, 0.633746, 0.000236297], 
              [0.463087, 0.0734546, 0.463223, 0.000236297], 
              [0.60925, 0.0490933, 0.231797, 0.109859], 
              [0.000236297, 0.0125529, 0.889532, 0.0976785], 
              [0.000236297, 0.0734546, 0.81645, 0.109859], 
              [0.584889, 0.024733, 0.304879, 0.0854983], 
              [0.243841, 0.000372716, 0.75555, 0.000236297], 
              [0.000236297, 0.134355, 0.719008, 0.146399], 
              [0.256022, 0.268339, 0.414502, 0.061138], 
              [0.60925, 0.000372716, 0.34142, 0.0489569], 
              [0.122039, 0.109995, 0.731188, 0.0367767]
            ]
          }, {
            "db": 0,
            "id": "TTTKWTYKTTTKBTW",
            "alt": "MEME-2",
            "len": 15,
            "nsites": 36,
            "evalue": "3.1e-022",
            "pwm": [
              [0.000537397, 0.000847645, 0.000847645, 0.997767], 
              [0.0559395, 0.000847645, 0.111651, 0.831562], 
              [0.0836396, 0.0839498, 0.0839498, 0.74846], 
              [0.0836396, 0.167053, 0.277856, 0.471451], 
              [0.332947, 0.000847645, 0.000847645, 0.665358], 
              [0.000537397, 0.0562498, 0.000847645, 0.942365], 
              [0.000537397, 0.305557, 0.111651, 0.582255], 
              [0.000537397, 0.000847645, 0.333257, 0.665358], 
              [0.166743, 0.194753, 0.111651, 0.526853], 
              [0.000537397, 0.000847645, 0.194753, 0.803862], 
              [0.000537397, 0.000847645, 0.000847645, 0.997767], 
              [0.000537397, 0.111651, 0.41636, 0.471451], 
              [0.139042, 0.250155, 0.250155, 0.360648], 
              [0.194443, 0.000847645, 0.000847645, 0.803862], 
              [0.41605, 0.0285487, 0.139352, 0.41605]
            ]
          }
        ],
        "targets": [
          {
            "db": 0,
            "id": "MA0039.4",
            "alt": "KLF4",
            "len": 12,
            "nsites": 55817,
            "url": "http://jaspar.genereg.net/matrix/MA0039.4",
            "pwm": [
              [0.2252, 0.313883, 0.255173, 0.205744], 
              [0.205798, 0.2515, 0.330957, 0.211746], 
              [0.0441623, 0.881612, 0.0283615, 0.0458643], 
              [0.0377133, 0.857533, 0.0217505, 0.0830032], 
              [0.125786, 0.813461, 0.0254765, 0.0352763], 
              [0.0210153, 0.947291, 0.0142075, 0.0174863], 
              [0.81699, 0.00288454, 0.118208, 0.0619172], 
              [0.0152643, 0.938172, 0.0263365, 0.0202273], 
              [0.0289703, 0.915706, 0.0335025, 0.0218213], 
              [0.0215353, 0.914505, 0.0180055, 0.0459543], 
              [0.291381, 0.326943, 0.112726, 0.26895], 
              [0.178422, 0.344286, 0.25838, 0.218912]
            ]
          }, {
            "db": 0,
            "id": "MA0079.5",
            "alt": "SP1",
            "len": 9,
            "nsites": 1000,
            "url": "http://jaspar.genereg.net/matrix/MA0079.5",
            "pwm": [
              [0.00107429, 0.00108549, 0.950358, 0.0474827], 
              [0.00107429, 0.00108549, 0.996766, 0.00107429], 
              [0.00107429, 0.00108549, 0.996766, 0.00107429], 
              [0.00107429, 0.00108549, 0.996766, 0.00107429], 
              [0.266871, 0.73097, 0.00108549, 0.00107429], 
              [0.00107429, 0.00108549, 0.996766, 0.00107429], 
              [0.00107429, 0.0854651, 0.912386, 0.00107429], 
              [0.254213, 0.0517134, 0.659248, 0.0348259], 
              [0.161395, 0.00108549, 0.836445, 0.00107429]
            ]
          }, {
            "db": 0,
            "id": "MA0123.1",
            "alt": "abi4",
            "len": 10,
            "nsites": 49,
            "url": "http://jaspar.genereg.net/matrix/MA0123.1",
            "pwm": [
              [0.000395113, 0.998587, 0.000623217, 0.000395113], 
              [0.244794, 0.000623217, 0.754187, 0.000395113], 
              [0.000395113, 0.407955, 0.591255, 0.000395113], 
              [0.000395113, 0.469055, 0.0209897, 0.50956], 
              [0.0207615, 0.0617225, 0.91712, 0.000395113], 
              [0.000395113, 0.91712, 0.08209, 0.000395113], 
              [0.102228, 0.570888, 0.122823, 0.204061], 
              [0.0614944, 0.509788, 0.224656, 0.204061], 
              [0.0614944, 0.631988, 0.102456, 0.204061], 
              [0.0818619, 0.530155, 0.143189, 0.244794]
            ]
          }, {
            "db": 0,
            "id": "MA0146.2",
            "alt": "Zfx",
            "len": 14,
            "nsites": 477,
            "url": "http://jaspar.genereg.net/matrix/MA0146.2",
            "pwm": [
              [0.104841, 0.373152, 0.375247, 0.146761], 
              [0.123705, 0.356383, 0.362671, 0.157241], 
              [0.190378, 0.315898, 0.416295, 0.0774304], 
              [0.150322, 0.102339, 0.619976, 0.127363], 
              [0.0208263, 0.617399, 0.299377, 0.0623976], 
              [0.012512, 0.750427, 0.00422127, 0.23284], 
              [0.0623976, 0.257806, 0.380441, 0.299354], 
              [0.397046, 0.318084, 0.253649, 0.0312191], 
              [0.0166692, 0.00422127, 0.97699, 0.00211923], 
              [4.06624e-05, 0.00629983, 0.99154, 0.00211923], 
              [4.06624e-05, 0.999855, 6.41374e-05, 4.06624e-05], 
              [4.06624e-05, 0.997776, 6.41374e-05, 0.00211923], 
              [4.06624e-05, 0.0021427, 6.41374e-05, 0.997752], 
              [0.175004, 0.254178, 0.454136, 0.116683]
            ]
          }, {
            "db": 0,
            "id": "MA0149.1",
            "alt": "EWSR1-FLI1",
            "len": 18,
            "nsites": 105,
            "url": "http://jaspar.genereg.net/matrix/MA0149.1",
            "pwm": [
              [0.000184586, 0.000291151, 0.99934, 0.000184586], 
              [0.0192145, 0.000291151, 0.98031, 0.000184586], 
              [0.989718, 0.000291151, 0.00980609, 0.000184586], 
              [0.989718, 0.000291151, 0.00980609, 0.000184586], 
              [0.00969952, 0.000291151, 0.989825, 0.000184586], 
              [0.0192145, 0.000291151, 0.970796, 0.00969952], 
              [0.980203, 0.000291151, 0.019321, 0.000184586], 
              [0.970689, 0.000291151, 0.028835, 0.000184586], 
              [0.000184586, 0.000291151, 0.989825, 0.00969952], 
              [0.000184586, 0.019321, 0.98031, 0.000184586], 
              [0.942144, 0.0383499, 0.019321, 0.000184586], 
              [0.999233, 0.000291151, 0.000291151, 0.000184586], 
              [0.000184586, 0.000291151, 0.99934, 0.000184586], 
              [0.000184586, 0.019321, 0.98031, 0.000184586], 
              [0.951659, 0.028835, 0.000291151, 0.0192145], 
              [0.970689, 0.000291151, 0.019321, 0.00969952], 
              [0.0477583, 0.000291151, 0.923222, 0.0287284], 
              [0.0287284, 0.028835, 0.923222, 0.0192145]
            ]
          }, {
            "db": 0,
            "id": "MA0162.4",
            "alt": "EGR1",
            "len": 14,
            "nsites": 30598,
            "url": "http://jaspar.genereg.net/matrix/MA0162.4",
            "pwm": [
              [0.231616, 0.379437, 0.216387, 0.17256], 
              [0.130629, 0.482024, 0.235669, 0.151677], 
              [0.474148, 0.336721, 0.125957, 0.0631744], 
              [0.0209826, 0.928261, 0.0247079, 0.0260475], 
              [0.167004, 0.0369639, 0.726746, 0.0692864], 
              [0.00741961, 0.958819, 0.0217339, 0.0120276], 
              [0.0470625, 0.892899, 0.0475528, 0.0124846], 
              [0.0102626, 0.9464, 0.0228129, 0.0205246], 
              [0.728706, 0.177136, 0.0693518, 0.0248066], 
              [0.00500062, 0.964342, 0.0228459, 0.00781161], 
              [0.153474, 0.0917057, 0.671415, 0.0834044], 
              [0.0316695, 0.823451, 0.0704958, 0.0743844], 
              [0.290967, 0.341231, 0.207366, 0.160435], 
              [0.124485, 0.447284, 0.256618, 0.171613]
            ]
          }, {
            "db": 0,
            "id": "MA0277.1",
            "alt": "AZF1",
            "len": 9,
            "nsites": 102,
            "url": "http://jaspar.genereg.net/matrix/MA0277.1",
            "pwm": [
              [0.617232, 0.127626, 0.127626, 0.127516], 
              [0.999211, 0.000299706, 0.000299706, 0.00019001], 
              [0.999211, 0.000299706, 0.000299706, 0.00019001], 
              [0.870624, 0.128887, 0.000299706, 0.00019001], 
              [0.749455, 0.000299706, 0.250055, 0.00019001], 
              [0.00019001, 0.000299706, 0.99932, 0.00019001], 
              [0.779426, 0.160143, 0.0302703, 0.0301606], 
              [0.817571, 0.0608463, 0.0608463, 0.0607367], 
              [0.617232, 0.127626, 0.127626, 0.127516]
            ]
          }, {
            "db": 0,
            "id": "MA0471.2",
            "alt": "E2F6",
            "len": 13,
            "nsites": 33098,
            "url": "http://jaspar.genereg.net/matrix/MA0471.2",
            "pwm": [
              [0.220436, 0.243972, 0.373376, 0.162215], 
              [0.253157, 0.22373, 0.351955, 0.171158], 
              [0.288144, 0.154148, 0.349326, 0.208381], 
              [0.0637504, 0.0346858, 0.887876, 0.0136875], 
              [0.00803756, 0.0252898, 0.960479, 0.00619457], 
              [0.116503, 0.798355, 0.0209389, 0.0642034], 
              [0.0354405, 0.0162859, 0.923709, 0.0245635], 
              [0.0102126, 0.0131139, 0.966008, 0.0106656], 
              [0.0106966, 0.0251988, 0.955161, 0.00894356], 
              [0.886366, 0.0353808, 0.0701557, 0.00809756], 
              [0.777235, 0.0481908, 0.151701, 0.0228715], 
              [0.271769, 0.223881, 0.378573, 0.125778], 
              [0.230105, 0.256118, 0.344583, 0.169195]
            ]
          }, {
            "db": 0,
            "id": "MA0493.2",
            "alt": "KLF1",
            "len": 9,
            "nsites": 1000,
            "url": "http://jaspar.genereg.net/matrix/MA0493.2",
            "pwm": [
              [0.246441, 0.0706525, 0.374512, 0.308396], 
              [0.000606339, 0.000617538, 0.998169, 0.000606339], 
              [0.000606339, 0.000617538, 0.998169, 0.000606339], 
              [0.000606339, 0.000617538, 0.998169, 0.000606339], 
              [0.124879, 0.528669, 0.000617538, 0.345835], 
              [0.000606339, 0.000617538, 0.998169, 0.000606339], 
              [0.000606339, 0.000617538, 0.675086, 0.323689], 
              [0.0821922, 0.000617538, 0.896059, 0.0211313], 
              [0.000606339, 0.000617538, 0.998169, 0.000606339]
            ]
          }, {
            "db": 0,
            "id": "MA0516.3",
            "alt": "SP2",
            "len": 9,
            "nsites": 1000,
            "url": "http://jaspar.genereg.net/matrix/MA0516.3",
            "pwm": [
              [0.15323, 0.000763524, 0.766083, 0.0799234], 
              [0.167892, 0.000763524, 0.830593, 0.000752325], 
              [0.000752325, 0.000763524, 0.997732, 0.000752325], 
              [0.000752325, 0.000763524, 0.997732, 0.000752325], 
              [0.112178, 0.886306, 0.000763524, 0.000752325], 
              [0.000752325, 0.000763524, 0.997732, 0.000752325], 
              [0.000752325, 0.000763524, 0.974273, 0.024211], 
              [0.120975, 0.000763524, 0.877509, 0.000752325], 
              [0.206011, 0.16497, 0.610674, 0.0183456]
            ]
          }, {
            "db": 0,
            "id": "MA0528.2",
            "alt": "ZNF263",
            "len": 12,
            "nsites": 56343,
            "url": "http://jaspar.genereg.net/matrix/MA0528.2",
            "pwm": [
              [0.235823, 0.23144, 0.359991, 0.172746], 
              [0.195517, 0.264611, 0.317395, 0.222477], 
              [0.230747, 0.109739, 0.513143, 0.146371], 
              [0.0285753, 0.0294455, 0.919439, 0.0225413], 
              [0.0140043, 0.0274045, 0.937436, 0.0211563], 
              [0.0168613, 0.0172515, 0.948387, 0.0175003], 
              [0.95664, 0.0294625, 0.00289354, 0.0110043], 
              [0.0147313, 0.0171455, 0.938447, 0.0296753], 
              [0.0123353, 0.0388695, 0.936069, 0.0127263], 
              [0.931774, 0.0312025, 0.0257005, 0.0113243], 
              [0.169302, 0.273557, 0.440605, 0.116536], 
              [0.149726, 0.207461, 0.445752, 0.197061]
            ]
          }, {
            "db": 0,
            "id": "MA0535.1",
            "alt": "Mad",
            "len": 15,
            "nsites": 102,
            "url": "http://jaspar.genereg.net/matrix/MA0535.1",
            "pwm": [
              [0.00019001, 0.470427, 0.460632, 0.0687498], 
              [0.342991, 0.254952, 0.127626, 0.274431], 
              [0.00019001, 0.13742, 0.8622, 0.00019001], 
              [0.342991, 0.000299706, 0.548782, 0.107927], 
              [0.00019001, 0.99932, 0.000299706, 0.00019001], 
              [0.00019001, 0.000299706, 0.99932, 0.00019001], 
              [0.225459, 0.636931, 0.000299706, 0.137311], 
              [0.00019001, 0.695696, 0.303924, 0.00019001], 
              [0.284226, 0.000299706, 0.715285, 0.00019001], 
              [0.284226, 0.382278, 0.333306, 0.00019001], 
              [0.107927, 0.519399, 0.245158, 0.127516], 
              [0.284226, 0.000299706, 0.715285, 0.00019001], 
              [0.117722, 0.470427, 0.264746, 0.147105], 
              [0.313608, 0.333306, 0.157009, 0.196076], 
              [0.107927, 0.274541, 0.617342, 0.00019001]
            ]
          }, {
            "db": 0,
            "id": "MA0556.1",
            "alt": "AP3",
            "len": 15,
            "nsites": 291,
            "url": "http://jaspar.genereg.net/matrix/MA0556.1",
            "pwm": [
              [0.316109, 0.123774, 0.0688105, 0.491307], 
              [0.288627, 0.113468, 0.13408, 0.463825], 
              [0.164958, 0.828, 0.000105118, 0.00693728], 
              [6.66439e-05, 0.797082, 0.00353994, 0.199311], 
              [0.635587, 0.209655, 0.0378931, 0.116865], 
              [0.745514, 0.0756801, 0.0378931, 0.140911], 
              [0.972242, 0.000105118, 0.000105118, 0.0275482], 
              [0.824525, 0.00353994, 0.000105118, 0.171829], 
              [0.535964, 0.0344573, 0.35737, 0.0722069], 
              [0.326414, 0.000105118, 0.103163, 0.570318], 
              [0.336721, 0.00697576, 0.656237, 6.66439e-05], 
              [0.0241134, 0.000105118, 0.975715, 6.66439e-05], 
              [0.628717, 0.192479, 0.0172812, 0.161523], 
              [0.793608, 0.0619399, 0.0310225, 0.11343], 
              [0.834832, 0.0310225, 0.0653747, 0.068772]
            ]
          }, {
            "db": 0,
            "id": "MA0559.1",
            "alt": "PI",
            "len": 14,
            "nsites": 558,
            "url": "http://jaspar.genereg.net/matrix/MA0559.1",
            "pwm": [
              [0.279555, 0.600305, 0.0860614, 0.0340787], 
              [0.102167, 0.706021, 0.0788937, 0.112918], 
              [0.639705, 0.141606, 0.120105, 0.0985831], 
              [0.802758, 0.021556, 0.148774, 0.0269119], 
              [0.987313, 0.00184651, 0.00722154, 0.00361812], 
              [0.892348, 5.48288e-05, 0.021556, 0.0860413], 
              [0.539365, 0.0143893, 0.437252, 0.00899416], 
              [0.559075, 0.0251403, 0.123689, 0.292097], 
              [0.413939, 5.48288e-05, 0.585972, 3.47609e-05], 
              [0.0125775, 0.0108059, 0.976583, 3.47609e-05], 
              [0.799175, 0.0968115, 0.0125976, 0.0914164], 
              [0.886973, 0.0125976, 0.0430581, 0.0573725], 
              [0.817092, 0.0466415, 0.107563, 0.0287036], 
              [0.458734, 0.103979, 0.356622, 0.0806653]
            ]
          }, {
            "db": 0,
            "id": "MA0576.1",
            "alt": "RAX3",
            "len": 13,
            "nsites": 100,
            "url": "http://jaspar.genereg.net/matrix/MA0576.1",
            "pwm": [
              [0.219974, 0.180126, 0.419886, 0.180014], 
              [0.000193807, 0.140166, 0.859447, 0.000193807], 
              [0.180014, 0.0402657, 0.779526, 0.000193807], 
              [0.140054, 0.0902158, 0.549756, 0.219974], 
              [0.000193807, 0.000305694, 0.999307, 0.000193807], 
              [0.000193807, 0.000305694, 0.999307, 0.000193807], 
              [0.000193807, 0.000305694, 0.000305694, 0.999195], 
              [0.779415, 0.0402657, 0.0402657, 0.140054], 
              [0.000193807, 0.000305694, 0.999307, 0.000193807], 
              [0.000193807, 0.000305694, 0.999307, 0.000193807], 
              [0.000193807, 0.000305694, 0.000305694, 0.999195], 
              [0.000193807, 0.000305694, 0.959347, 0.0401538], 
              [0.0401538, 0.319986, 0.599706, 0.0401538]
            ]
          }, {
            "db": 0,
            "id": "MA0599.1",
            "alt": "KLF5",
            "len": 10,
            "nsites": 13611,
            "url": "http://jaspar.genereg.net/matrix/MA0599.1",
            "pwm": [
              [0.10499, 0.148631, 0.556313, 0.190067], 
              [1.42531e-06, 0.874289, 2.24816e-06, 0.125708], 
              [1.42531e-06, 0.882224, 2.24816e-06, 0.117773], 
              [0.255455, 0.703031, 2.24816e-06, 0.0415121], 
              [1.42531e-06, 0.999995, 2.24816e-06, 1.42531e-06], 
              [0.371096, 2.24816e-06, 0.38072, 0.248182], 
              [1.42531e-06, 0.999995, 2.24816e-06, 1.42531e-06], 
              [1.42531e-06, 0.999995, 2.24816e-06, 1.42531e-06], 
              [1.42531e-06, 0.965023, 2.24816e-06, 0.0349732], 
              [0.287634, 0.411064, 2.24816e-06, 0.301299]
            ]
          }, {
            "db": 0,
            "id": "MA0679.2",
            "alt": "ONECUT1",
            "len": 16,
            "nsites": 62219,
            "url": "http://jaspar.genereg.net/matrix/MA0679.2",
            "pwm": [
              [0.426204, 0.160932, 0.189878, 0.222987], 
              [0.459795, 0.132387, 0.198782, 0.209036], 
              [0.483132, 0.136261, 0.155194, 0.225413], 
              [0.609556, 0.121426, 0.0988283, 0.170189], 
              [0.838103, 0.0162495, 0.125267, 0.0203803], 
              [0.964576, 0.00575448, 0.0187405, 0.0109293], 
              [0.0077473, 0.00472548, 0.00387349, 0.983654], 
              [0.0216173, 0.967244, 0.00446848, 0.0066703], 
              [0.957825, 0.00704048, 0.0197055, 0.0154293], 
              [0.978318, 0.00397049, 0.00588248, 0.0118293], 
              [0.00361631, 0.00572248, 0.00260449, 0.988057], 
              [0.779889, 0.0554654, 0.0975913, 0.0670532], 
              [0.498867, 0.163712, 0.123114, 0.214308], 
              [0.403478, 0.167168, 0.128707, 0.300648], 
              [0.301258, 0.166975, 0.162796, 0.368971], 
              [0.320352, 0.190408, 0.180106, 0.309134]
            ]
          }, {
            "db": 0,
            "id": "MA0685.2",
            "alt": "SP4",
            "len": 9,
            "nsites": 999,
            "url": "http://jaspar.genereg.net/matrix/MA0685.2",
            "pwm": [
              [0.149043, 0.000717559, 0.654498, 0.195742], 
              [0.000706349, 0.000717559, 0.997871, 0.000706349], 
              [0.000706349, 0.000717559, 0.997871, 0.000706349], 
              [0.000706349, 0.000717559, 0.997871, 0.000706349], 
              [0.275404, 0.723172, 0.000717559, 0.000706349], 
              [0.000706349, 0.000717559, 0.997871, 0.000706349], 
              [0.000706349, 0.000717559, 0.920954, 0.0776216], 
              [0.289138, 0.000717559, 0.659993, 0.0501514], 
              [0.000706349, 0.000717559, 0.997871, 0.000706349]
            ]
          }, {
            "db": 0,
            "id": "MA0740.2",
            "alt": "KLF14",
            "len": 9,
            "nsites": 999,
            "url": "http://jaspar.genereg.net/matrix/MA0740.2",
            "pwm": [
              [0.0311743, 0.000666564, 0.619494, 0.348666], 
              [0.000655354, 0.000666564, 0.998023, 0.000655354], 
              [0.000655354, 0.000666564, 0.998023, 0.000655354], 
              [0.000655354, 0.000666564, 0.998023, 0.000655354], 
              [0.0949149, 0.814341, 0.000666564, 0.0900774], 
              [0.000655354, 0.000666564, 0.998023, 0.000655354], 
              [0.000655354, 0.000666564, 0.717857, 0.280821], 
              [0.107714, 0.000666564, 0.890964, 0.000655354], 
              [0.198614, 0.0621124, 0.738619, 0.000655354]
            ]
          }, {
            "db": 0,
            "id": "MA0741.1",
            "alt": "KLF16",
            "len": 11,
            "nsites": 3053,
            "url": "http://jaspar.genereg.net/matrix/MA0741.1",
            "pwm": [
              [0.218145, 0.175241, 0.527998, 0.0786148], 
              [0.332959, 0.595704, 0.0284641, 0.042873], 
              [0.0359472, 0.934472, 0.00348791, 0.0260925], 
              [0.699922, 0.280585, 0.0194864, 6.35421e-06], 
              [0.0385111, 0.940469, 0.0099277, 0.011091], 
              [0.185102, 0.0644399, 0.600362, 0.150094], 
              [0.00494419, 0.995039, 1.00226e-05, 6.35421e-06], 
              [0.00123931, 0.993812, 0.00494186, 6.35421e-06], 
              [0.00926505, 0.932849, 0.00174597, 0.0561385], 
              [0.261518, 0.703159, 0.0113797, 0.0239436], 
              [0.0157148, 0.791344, 0.0113007, 0.18164]
            ]
          }, {
            "db": 0,
            "id": "MA0742.2",
            "alt": "KLF12",
            "len": 9,
            "nsites": 999,
            "url": "http://jaspar.genereg.net/matrix/MA0742.2",
            "pwm": [
              [0.101957, 0.000679563, 0.7097, 0.187663], 
              [0.0863748, 0.000679563, 0.912277, 0.000668353], 
              [0.000668353, 0.000679563, 0.997983, 0.000668353], 
              [0.000668353, 0.000679563, 0.997983, 0.000668353], 
              [0.0474177, 0.951234, 0.000679563, 0.000668353], 
              [0.000668353, 0.000679563, 0.997983, 0.000668353], 
              [0.00586283, 0.0785938, 0.725283, 0.19026], 
              [0.0681946, 0.000679563, 0.930456, 0.000668353], 
              [0.000668353, 0.000679563, 0.969415, 0.0292375]
            ]
          }, {
            "db": 0,
            "id": "MA0753.2",
            "alt": "ZNF740",
            "len": 13,
            "nsites": 1055,
            "url": "http://jaspar.genereg.net/matrix/MA0753.2",
            "pwm": [
              [0.176305, 0.475813, 0.172525, 0.175357], 
              [0.125685, 0.525192, 0.0558807, 0.293242], 
              [0.298308, 0.140763, 0.432897, 0.128032], 
              [0.0499717, 0.878381, 0.0308341, 0.0408135], 
              [0.0932296, 0.894012, 0.0118919, 0.000865307], 
              [0.0164848, 0.965171, 0.00368866, 0.014656], 
              [0.0200345, 0.959902, 0.0063974, 0.0136661], 
              [0.0210784, 0.966054, 0.00277574, 0.0100904], 
              [0.00929351, 0.9786, 0.00652239, 0.00558386], 
              [0.00189921, 0.992409, 0.00285073, 0.00284012], 
              [0.0974672, 0.894012, 0.00511352, 0.00340807], 
              [0.705166, 0.159773, 0.0454797, 0.0895819], 
              [0.132528, 0.675381, 0.0345967, 0.157493]
            ]
          }, {
            "db": 0,
            "id": "MA0814.2",
            "alt": "TFAP2C",
            "len": 14,
            "nsites": 60819,
            "url": "http://jaspar.genereg.net/matrix/MA0814.2",
            "pwm": [
              [0.186027, 0.260741, 0.280143, 0.273089], 
              [0.224075, 0.206597, 0.330966, 0.238363], 
              [0.0621852, 0.241471, 0.620348, 0.0759962], 
              [0.0121013, 0.938982, 0.0373734, 0.0115423], 
              [0.00792531, 0.947351, 0.0338714, 0.0108523], 
              [0.0224773, 0.0910744, 0.0807314, 0.805718], 
              [0.0217533, 0.0499194, 0.907972, 0.0203553], 
              [0.839506, 0.0778214, 0.0648484, 0.0178233], 
              [0.0143713, 0.0244335, 0.953566, 0.00762931], 
              [0.0117403, 0.0258975, 0.952267, 0.0100963], 
              [0.0709152, 0.703036, 0.162235, 0.0638122], 
              [0.167481, 0.206399, 0.450073, 0.176047], 
              [0.266068, 0.250777, 0.307141, 0.176014], 
              [0.198721, 0.270771, 0.285552, 0.244956]
            ]
          }, {
            "db": 0,
            "id": "MA0830.2",
            "alt": "TCF4",
            "len": 13,
            "nsites": 29465,
            "url": "http://jaspar.genereg.net/matrix/MA0830.2",
            "pwm": [
              [0.20526, 0.341151, 0.242321, 0.211268], 
              [0.238724, 0.229221, 0.292483, 0.239572], 
              [0.141456, 0.171797, 0.627795, 0.0589515], 
              [0.00824763, 0.97356, 0.010895, 0.00729763], 
              [0.91712, 0.021552, 0.0439509, 0.0173776], 
              [0.00733163, 0.908364, 0.0588168, 0.0254886], 
              [0.0120826, 0.940911, 0.0406249, 0.00638064], 
              [0.0126256, 0.0344829, 0.023045, 0.929847], 
              [0.00851963, 0.018328, 0.964939, 0.00821363], 
              [0.0574925, 0.642626, 0.17923, 0.120652], 
              [0.187816, 0.436857, 0.167419, 0.207908], 
              [0.217648, 0.29384, 0.270287, 0.218225], 
              [0.174207, 0.334057, 0.260037, 0.231699]
            ]
          }, {
            "db": 0,
            "id": "MA0940.1",
            "alt": "AP1",
            "len": 13,
            "nsites": 1622,
            "url": "http://jaspar.genereg.net/matrix/MA0940.1",
            "pwm": [
              [0.452512, 0.49259, 0.0197466, 0.0351518], 
              [0.0517968, 0.580131, 0.0240614, 0.344011], 
              [0.815622, 0.0283771, 0.0215955, 0.134406], 
              [0.699106, 0.0117321, 0.0937241, 0.195438], 
              [0.95618, 0.00618348, 0.00926629, 0.0283702], 
              [0.787263, 0.00926629, 0.014815, 0.188656], 
              [0.734246, 0.014198, 0.155373, 0.096184], 
              [0.420455, 0.0129651, 0.158455, 0.408125], 
              [0.402576, 0.00741641, 0.57335, 0.0166569], 
              [0.0820049, 0.0370076, 0.834739, 0.0462481], 
              [0.706503, 0.094341, 0.104821, 0.0943341], 
              [0.788496, 0.0752302, 0.103588, 0.0326859], 
              [0.774933, 0.013582, 0.0998897, 0.111596]
            ]
          }, {
            "db": 0,
            "id": "MA0975.1",
            "alt": "CRF2",
            "len": 8,
            "nsites": 1001,
            "url": "http://jaspar.genereg.net/matrix/MA0975.1",
            "pwm": [
              [0.043971, 0.477505, 0.347648, 0.130875], 
              [0.108117, 0.783736, 0.0811035, 0.0270437], 
              [1.93787e-05, 3.05663e-05, 0.999931, 1.93787e-05], 
              [1.93787e-05, 0.976933, 0.0230283, 1.93787e-05], 
              [1.93787e-05, 0.999931, 3.05663e-05, 1.93787e-05], 
              [1.93787e-05, 3.05663e-05, 0.999931, 1.93787e-05], 
              [0.0230171, 0.930938, 3.05663e-05, 0.0460148], 
              [0.118008, 0.734957, 0.0590247, 0.0880106]
            ]
          }, {
            "db": 0,
            "id": "MA0976.2",
            "alt": "CRF4",
            "len": 12,
            "nsites": 1900,
            "url": "http://jaspar.genereg.net/matrix/MA0976.2",
            "pwm": [
              [0.0868476, 0.614195, 0.130009, 0.168948], 
              [0.131056, 0.724715, 0.058434, 0.0857947], 
              [0.0468497, 0.00212099, 0.917863, 0.0331665], 
              [0.0021151, 0.981543, 0.0115945, 0.00474696], 
              [0.00527293, 0.982069, 0.00791069, 0.00474696], 
              [0.0594811, 0.00106905, 0.9126, 0.0268508], 
              [0.00527293, 0.944177, 0.00475286, 0.0457968], 
              [0.0289557, 0.94944, 0.00843666, 0.0131675], 
              [0.581033, 0.00633177, 0.343682, 0.0689536], 
              [0.0352714, 0.873128, 0.021068, 0.0705325], 
              [0.174212, 0.527356, 0.104222, 0.194211], 
              [0.322098, 0.0884325, 0.398416, 0.191053]
            ]
          }, {
            "db": 0,
            "id": "MA0979.1",
            "alt": "ERF008",
            "len": 8,
            "nsites": 1000,
            "url": "http://jaspar.genereg.net/matrix/MA0979.1",
            "pwm": [
              [0.148005, 0.786952, 0.0240282, 0.0410153], 
              [0.334651, 0.0150141, 0.633334, 0.0170007], 
              [0.0270167, 0.888942, 0.0580248, 0.0260168], 
              [0.0390155, 0.933937, 0.0190287, 0.0080186], 
              [0.0659468, 0.0439822, 0.86408, 0.0259908], 
              [0.319667, 0.523455, 0.055969, 0.100908], 
              [0.0700124, 0.827948, 0.0680238, 0.034016], 
              [0.100009, 0.416989, 0.328998, 0.154004]
            ]
          }, {
            "db": 0,
            "id": "MA0994.2",
            "alt": "ERF8",
            "len": 18,
            "nsites": 743,
            "url": "http://jaspar.genereg.net/matrix/MA0994.2",
            "pwm": [
              [0.262441, 0.29879, 0.168256, 0.270515], 
              [0.266477, 0.106353, 0.384915, 0.242255], 
              [0.335109, 0.122501, 0.367421, 0.174969], 
              [0.156129, 0.24227, 0.0444502, 0.557152], 
              [0.138634, 0.0673271, 0.660786, 0.133252], 
              [0.5733, 0.0390669, 0.339162, 0.0484716], 
              [0.0430893, 0.87341, 0.00676927, 0.0767318], 
              [0.00406356, 0.00407864, 0.979721, 0.0121375], 
              [0.0215572, 0.0121525, 0.960881, 0.00540938], 
              [0.0148291, 0.943386, 4.11788e-05, 0.0417435], 
              [0.00810002, 0.00273282, 0.979721, 0.00944584], 
              [0.0215572, 0.0619438, 0.897632, 0.0188666], 
              [0.145364, 0.72269, 0.0148442, 0.117103], 
              [0.0282863, 0.0121525, 0.907052, 0.052509], 
              [0.360678, 0.121156, 0.432015, 0.0861515], 
              [0.257058, 0.286679, 0.146724, 0.30954], 
              [0.226106, 0.0780927, 0.476424, 0.219378], 
              [0.235526, 0.125192, 0.432015, 0.207266]
            ]
          }, {
            "db": 0,
            "id": "MA1000.2",
            "alt": "ERF105",
            "len": 15,
            "nsites": 586,
            "url": "http://jaspar.genereg.net/matrix/MA1000.2",
            "pwm": [
              [0.245725, 0.0973056, 0.474374, 0.182596], 
              [0.254256, 0.308874, 0.0614747, 0.375396], 
              [0.286673, 0.0751244, 0.438544, 0.199658], 
              [0.322504, 0.0631814, 0.532384, 0.0819301], 
              [0.0853425, 0.523854, 5.22095e-05, 0.390751], 
              [3.31002e-05, 5.22095e-05, 0.999882, 3.31002e-05], 
              [0.035863, 5.22095e-05, 0.964052, 3.31002e-05], 
              [0.00173881, 0.970877, 5.22095e-05, 0.0273324], 
              [3.31002e-05, 5.22095e-05, 0.999882, 3.31002e-05], 
              [3.31002e-05, 0.00175792, 0.998176, 3.31002e-05], 
              [0.035863, 0.928222, 5.22095e-05, 0.035863], 
              [0.00173881, 5.22095e-05, 0.892391, 0.105817], 
              [0.133116, 0.186027, 0.651818, 0.0290382], 
              [0.36004, 0.348116, 0.102424, 0.189421], 
              [0.209895, 0.0461193, 0.563096, 0.180889]
            ]
          }, {
            "db": 0,
            "id": "MA1001.3",
            "alt": "ERF11",
            "len": 12,
            "nsites": 1373,
            "url": "http://jaspar.genereg.net/matrix/MA1001.3",
            "pwm": [
              [0.100517, 0.604494, 0.131841, 0.163148], 
              [0.140572, 0.734128, 0.0459039, 0.0793963], 
              [0.042983, 0.00439197, 0.924937, 0.0276891], 
              [0.00292692, 0.981014, 0.0094896, 0.00656865], 
              [0.0116663, 0.980286, 0.00366402, 0.00438381], 
              [0.0553631, 0.00147918, 0.925665, 0.0174929], 
              [0.00656865, 0.932947, 0.00657681, 0.0539072], 
              [0.029145, 0.949698, 0.0080337, 0.0131232], 
              [0.620508, 0.00366402, 0.316823, 0.0590048], 
              [0.0619176, 0.790934, 0.0327949, 0.114354], 
              [0.211215, 0.475589, 0.104895, 0.208302], 
              [0.316815, 0.0917856, 0.380184, 0.211215]
            ]
          }, {
            "db": 0,
            "id": "MA1005.2",
            "alt": "ERF3",
            "len": 11,
            "nsites": 1883,
            "url": "http://jaspar.genereg.net/matrix/MA1005.2",
            "pwm": [
              [0.27562, 0.121624, 0.342005, 0.26075], 
              [0.0860387, 0.608056, 0.136493, 0.169412], 
              [0.0600181, 0.909687, 0.0085128, 0.0217831], 
              [0.0987841, 0.00426502, 0.880479, 0.0164724], 
              [1.03022e-05, 0.997308, 0.00160917, 0.00107225], 
              [0.0159415, 0.979252, 0.000547222, 0.00425908], 
              [0.0791351, 0.00107819, 0.901189, 0.0185963], 
              [0.00107225, 0.983501, 0.00373305, 0.0116927], 
              [0.00638296, 0.983501, 0.000547222, 0.00956879], 
              [0.349434, 0.0255059, 0.491227, 0.133832], 
              [0.126929, 0.471048, 0.103038, 0.298985]
            ]
          }, {
            "db": 0,
            "id": "MA1034.1",
            "alt": "Os05g0497200",
            "len": 8,
            "nsites": 999,
            "url": "http://jaspar.genereg.net/matrix/MA1034.1",
            "pwm": [
              [0.00302212, 0.990922, 0.00303333, 0.00302212], 
              [0.00302212, 0.00303333, 0.990922, 0.00302212], 
              [0.00302212, 0.661626, 0.332329, 0.00302212], 
              [0.00302212, 0.990922, 0.00303333, 0.00302212], 
              [0.00302212, 0.00303333, 0.990922, 0.00302212], 
              [0.00302212, 0.990922, 0.00303333, 0.00302212], 
              [0.00302212, 0.990922, 0.00303333, 0.00302212], 
              [0.49497, 0.00503013, 0.494981, 0.00501892]
            ]
          }, {
            "db": 0,
            "id": "MA1049.1",
            "alt": "ERF094",
            "len": 8,
            "nsites": 999,
            "url": "http://jaspar.genereg.net/matrix/MA1049.1",
            "pwm": [
              [0.346331, 0.461445, 0.192203, 1.94175e-05], 
              [1.94175e-05, 3.06275e-05, 0.999931, 1.94175e-05], 
              [1.94175e-05, 0.999931, 3.06275e-05, 1.94175e-05], 
              [0.122129, 0.877821, 3.06275e-05, 1.94175e-05], 
              [0.0250169, 3.06275e-05, 0.974933, 1.94175e-05], 
              [1.94175e-05, 0.950935, 0.0490257, 1.94175e-05], 
              [1.94175e-05, 0.999931, 3.06275e-05, 1.94175e-05], 
              [0.240995, 0.10402, 0.481982, 0.173002]
