<!DOCTYPE HTML>
<html>
  <head>
    <meta charset="UTF-8">
    <title>Tomtom Results</title>
    <script>
      // @JSON_VAR data
      var data = {
        "program": "Tomtom",
        "version": "5.4.1",
        "release": "Sat Aug 21 19:23:23 2021 -0700",
        "cmd": [
          "tomtom", "-verbosity", "1", "-oc",
          "meme_chip_out_liver_species_promoters/meme_tomtom_out",
          "-min-overlap", "5", "-dist", "pearson", "-evalue", "-thresh", "1",
          "-no-ssc",
          "meme_chip_out_liver_species_promoters/meme_out/meme.xml",
          "/ocean/projects/bio230007p/jqu1/motif_database/JASPAR2022_CORE_non-redundant_pfms_meme.txt"
        ],
        "options": {
          "strands": "both",
          "distance_measure": "pearson",
          "threshold_type": "evalue",
          "threshold_value": 1,
          "background_source": "--query--"
        },
        "alphabet": {
          "name": "DNA",
          "like": "dna",
          "ncore": 4,
          "symbols": [
            {
              "symbol": "A",
              "name": "Adenine",
              "colour": "CC0000",
              "complement": "T"
            }, {
              "symbol": "C",
              "name": "Cytosine",
              "colour": "0000CC",
              "complement": "G"
            }, {
              "symbol": "G",
              "name": "Guanine",
              "colour": "FFB300",
              "complement": "C"
            }, {
              "symbol": "T",
              "aliases": "U",
              "name": "Thymine",
              "colour": "008000",
              "complement": "A"
            }, {
              "symbol": "N",
              "aliases": "X.",
              "name": "Any base",
              "equals": "ACGT"
            }, {
              "symbol": "V",
              "name": "Not T",
              "equals": "ACG"
            }, {
              "symbol": "H",
              "name": "Not G",
              "equals": "ACT"
            }, {
              "symbol": "D",
              "name": "Not C",
              "equals": "AGT"
            }, {
              "symbol": "B",
              "name": "Not A",
              "equals": "CGT"
            }, {
              "symbol": "M",
              "name": "Amino",
              "equals": "AC"
            }, {
              "symbol": "R",
              "name": "Purine",
              "equals": "AG"
            }, {
              "symbol": "W",
              "name": "Weak",
              "equals": "AT"
            }, {
              "symbol": "S",
              "name": "Strong",
              "equals": "CG"
            }, {
              "symbol": "Y",
              "name": "Pyrimidine",
              "equals": "CT"
            }, {
              "symbol": "K",
              "name": "Keto",
              "equals": "GT"
            }
          ]
        },
        "background": [0.198, 0.302, 0.302, 0.198],
        "query_dbs": [
          {
            "source": "meme_chip_out_liver_species_promoters/meme_out/meme.xml",
            "name": "meme.xml",
            "loaded": 3,
            "excluded": 0,
            "last_modified": "Thu Apr 17 02:58:12 2025"
          }
        ],
        "target_dbs": [
          {
            "source": "/ocean/projects/bio230007p/jqu1/motif_database/JASPAR2022_CORE_non-redundant_pfms_meme.txt",
            "name": "JASPAR2022_CORE_non-redundant_pfms_meme.txt",
            "loaded": 1956,
            "excluded": 0,
            "last_modified": "Fri Feb 11 16:00:10 2022"
          }
        ],
        "queries": [
          {
            "db": 0,
            "id": "HWDTWWAHAATHAAHAWTDW",
            "alt": "MEME-3",
            "len": 20,
            "nsites": 51,
            "evalue": "4.5e-035",
            "pwm": [
              [0.450485, 0.274564, 0.000590998, 0.27436], 
              [0.411347, 0.000590998, 0.000590998, 0.587471], 
              [0.411347, 0.118008, 0.254994, 0.215651], 
              [0.196082, 0.000590998, 0.196285, 0.607041], 
              [0.430916, 0.000590998, 0.176717, 0.391777], 
              [0.430916, 0.0592999, 0.000590998, 0.509194], 
              [0.724458, 0.0201606, 0.0201606, 0.235221], 
              [0.430916, 0.235425, 0.0397303, 0.29393], 
              [0.822305, 0.176717, 0.000590998, 0.000387476], 
              [0.66575, 0.137577, 0.176717, 0.0199571], 
              [0.176513, 0.196285, 0.157147, 0.470055], 
              [0.254791, 0.352841, 0.137577, 0.254791], 
              [0.841875, 0.000590998, 0.0397303, 0.117804], 
              [0.881014, 0.000590998, 0.000590998, 0.117804], 
              [0.352638, 0.43112, 0.000590998, 0.215651], 
              [0.744027, 0.000590998, 0.000590998, 0.254791], 
              [0.372207, 0.000590998, 0.0984381, 0.528763], 
              [0.137374, 0.000590998, 0.235425, 0.626611], 
              [0.352638, 0.0201606, 0.254994, 0.372207], 
              [0.548333, 0.0397303, 0.0788685, 0.333068]
            ]
          }, {
            "db": 0,
            "id": "RSYGCCMYCTRSTGG",
            "alt": "MEME-1",
            "len": 15,
            "nsites": 102,
            "evalue": "1.5e-078",
            "pwm": [
              [0.391967, 0.0394734, 0.450834, 0.117726], 
              [0.0197827, 0.392069, 0.480217, 0.107931], 
              [0.000193928, 0.421452, 0.0100902, 0.568264], 
              [0.0785481, 0.000295788, 0.813224, 0.107931], 
              [0.0589603, 0.911168, 0.0100902, 0.0197827], 
              [0.00998833, 0.989522, 0.000295788, 0.000193928], 
              [0.411556, 0.548778, 0.000295788, 0.0393715], 
              [0.000193928, 0.548778, 0.0100902, 0.440938], 
              [0.00998833, 0.989522, 0.000295788, 0.000193928], 
              [0.000193928, 0.0982388, 0.000295788, 0.901272], 
              [0.391967, 0.0198846, 0.411657, 0.176492], 
              [0.0295771, 0.313714, 0.617338, 0.0393715], 
              [0.0883425, 0.127622, 0.0198846, 0.764151], 
              [0.000193928, 0.000295788, 0.999316, 0.000193928], 
              [0.107931, 0.0590622, 0.793636, 0.0393715]
            ]
          }, {
            "db": 0,
            "id": "SCCSSSCCCSSCSCCGCCSC",
            "alt": "MEME-2",
            "len": 20,
            "nsites": 195,
            "evalue": "4.9e-060",
            "pwm": [
              [0.0359801, 0.394824, 0.435828, 0.133366], 
              [0.000101487, 0.692108, 0.210303, 0.0974875], 
              [0.0564826, 0.594722, 0.22568, 0.123115], 
              [0.0872358, 0.569094, 0.317941, 0.0257293], 
              [0.00522686, 0.58447, 0.379447, 0.0308547], 
              [0.000101487, 0.466583, 0.307689, 0.225627], 
              [0.0359801, 0.645978, 0.246183, 0.0718597], 
              [0.000101487, 0.809995, 0.102666, 0.0872358], 
              [0.148743, 0.512713, 0.148797, 0.189748], 
              [0.0667343, 0.394824, 0.517838, 0.020604], 
              [0.0308547, 0.481959, 0.415327, 0.0718597], 
              [0.000101487, 0.707484, 0.220555, 0.0718597], 
              [0.020604, 0.594722, 0.312815, 0.0718597], 
              [0.0411065, 0.881754, 0.0770384, 0.000101487], 
              [0.0308547, 0.892005, 0.0770384, 0.000101487], 
              [0.123115, 0.000154792, 0.861251, 0.0154786], 
              [0.0103522, 0.774117, 0.169299, 0.0462318], 
              [0.000101487, 0.886879, 0.071913, 0.0411065], 
              [0.0359801, 0.543466, 0.389699, 0.0308547], 
              [0.0923622, 0.861251, 0.0462851, 0.000101487]
            ]
          }
        ],
        "targets": [
          {
            "db": 0,
            "id": "MA0039.4",
            "alt": "KLF4",
            "len": 12,
            "nsites": 55817,
            "url": "http://jaspar.genereg.net/matrix/MA0039.4",
            "pwm": [
              [0.2252, 0.313883, 0.255173, 0.205744], 
              [0.205798, 0.2515, 0.330957, 0.211746], 
              [0.0441623, 0.881612, 0.0283615, 0.0458643], 
              [0.0377133, 0.857533, 0.0217505, 0.0830032], 
              [0.125786, 0.813461, 0.0254765, 0.0352763], 
              [0.0210153, 0.947291, 0.0142075, 0.0174863], 
              [0.81699, 0.00288454, 0.118208, 0.0619172], 
              [0.0152643, 0.938172, 0.0263365, 0.0202273], 
              [0.0289703, 0.915706, 0.0335025, 0.0218213], 
              [0.0215353, 0.914505, 0.0180055, 0.0459543], 
              [0.291381, 0.326943, 0.112726, 0.26895], 
              [0.178422, 0.344286, 0.25838, 0.218912]
            ]
          }, {
            "db": 0,
            "id": "MA0040.1",
            "alt": "Foxq1",
            "len": 11,
            "nsites": 18,
            "url": "http://jaspar.genereg.net/matrix/MA0040.1",
            "pwm": [
              [0.222088, 0.222663, 0.167415, 0.387834], 
              [0.719326, 0.0569176, 0.167415, 0.056343], 
              [0.277337, 0.112166, 0.00166851, 0.608829], 
              [0.16684, 0.00166851, 0.00166851, 0.829823], 
              [0.00109392, 0.00166851, 0.996144, 0.00109392], 
              [0.00109392, 0.00166851, 0.00166851, 0.995569], 
              [0.00109392, 0.00166851, 0.00166851, 0.995569], 
              [0.00109392, 0.00166851, 0.00166851, 0.995569], 
              [0.94032, 0.00166851, 0.0569176, 0.00109392], 
              [0.00109392, 0.0569176, 0.222663, 0.719326], 
              [0.332585, 0.00166851, 0.167415, 0.498331]
            ]
          }, {
            "db": 0,
            "id": "MA0073.1",
            "alt": "RREB1",
            "len": 20,
            "nsites": 11,
            "url": "http://jaspar.genereg.net/matrix/MA0073.1",
            "pwm": [
              [0.272054, 0.723442, 0.00272072, 0.00178379], 
              [0.0918738, 0.903622, 0.00272072, 0.00178379], 
              [0.272054, 0.723442, 0.00272072, 0.00178379], 
              [0.00178379, 0.993712, 0.00272072, 0.00178379], 
              [0.632415, 0.363081, 0.00272072, 0.00178379], 
              [0.812595, 0.182901, 0.00272072, 0.00178379], 
              [0.722505, 0.272991, 0.00272072, 0.00178379], 
              [0.362144, 0.543262, 0.00272072, 0.0918738], 
              [0.00178379, 0.993712, 0.00272072, 0.00178379], 
              [0.992775, 0.00272072, 0.00272072, 0.00178379], 
              [0.362144, 0.633352, 0.00272072, 0.00178379], 
              [0.0918738, 0.903622, 0.00272072, 0.00178379], 
              [0.272054, 0.723442, 0.00272072, 0.00178379], 
              [0.362144, 0.543262, 0.0928107, 0.00178379], 
              [0.181964, 0.813532, 0.00272072, 0.00178379], 
              [0.362144, 0.453171, 0.00272072, 0.181964], 
              [0.362144, 0.453171, 0.0928107, 0.0918738], 
              [0.362144, 0.543262, 0.00272072, 0.0918738], 
              [0.0918738, 0.633352, 0.272991, 0.00178379], 
              [0.362144, 0.363081, 0.182901, 0.0918738]
            ]
          }, {
            "db": 0,
            "id": "MA0079.5",
            "alt": "SP1",
            "len": 9,
            "nsites": 1000,
            "url": "http://jaspar.genereg.net/matrix/MA0079.5",
            "pwm": [
              [0.00107469, 0.00108509, 0.950357, 0.0474831], 
              [0.00107469, 0.00108509, 0.996766, 0.00107469], 
              [0.00107469, 0.00108509, 0.996766, 0.00107469], 
              [0.00107469, 0.00108509, 0.996766, 0.00107469], 
              [0.266871, 0.730969, 0.00108509, 0.00107469], 
              [0.00107469, 0.00108509, 0.996766, 0.00107469], 
              [0.00107469, 0.0854647, 0.912386, 0.00107469], 
              [0.254213, 0.051713, 0.659247, 0.0348263], 
              [0.161396, 0.00108509, 0.836445, 0.00107469]
            ]
          }, {
            "db": 0,
            "id": "MA0123.1",
            "alt": "abi4",
            "len": 10,
            "nsites": 49,
            "url": "http://jaspar.genereg.net/matrix/MA0123.1",
            "pwm": [
              [0.000403259, 0.998578, 0.000615071, 0.000403259], 
              [0.244802, 0.000615071, 0.754179, 0.000403259], 
              [0.000403259, 0.407947, 0.591247, 0.000403259], 
              [0.000403259, 0.469047, 0.0209815, 0.509568], 
              [0.0207697, 0.0617144, 0.917112, 0.000403259], 
              [0.000403259, 0.917112, 0.0820818, 0.000403259], 
              [0.102236, 0.57088, 0.122815, 0.20407], 
              [0.0615026, 0.50978, 0.224648, 0.20407], 
              [0.0615026, 0.63198, 0.102448, 0.20407], 
              [0.08187, 0.530146, 0.143181, 0.244802]
            ]
          }, {
            "db": 0,
            "id": "MA0139.1",
            "alt": "CTCF",
            "len": 19,
            "nsites": 913,
            "url": "http://jaspar.genereg.net/matrix/MA0139.1",
            "pwm": [
              [0.0953012, 0.318727, 0.083266, 0.502705], 
              [0.182915, 0.158833, 0.453433, 0.204818], 
              [0.307765, 0.0536962, 0.491764, 0.146775], 
              [0.061351, 0.876169, 0.0230316, 0.0394474], 
              [0.00878272, 0.988972, 3.30741e-05, 0.00221244], 
              [0.814828, 0.0142705, 0.0712193, 0.0996818], 
              [0.0438289, 0.578283, 0.36582, 0.0120684], 
              [0.117334, 0.474762, 0.0526593, 0.355246], 
              [0.933033, 0.0120928, 0.0351172, 0.0197565], 
              [0.00550908, 3.30741e-05, 0.991143, 0.00331432], 
              [0.365514, 0.00332571, 0.62126, 0.0098996], 
              [0.0592912, 0.0132036, 0.55321, 0.374295], 
              [0.0132072, 3.30741e-05, 0.977948, 0.00881172], 
              [0.0615529, 0.00882311, 0.851588, 0.0780351], 
              [0.11442, 0.806326, 0.00553347, 0.0737206], 
              [0.409218, 0.0143325, 0.557728, 0.0187216], 
              [0.0903198, 0.530812, 0.338102, 0.0407662], 
              [0.128863, 0.35462, 0.0804203, 0.436097], 
              [0.442704, 0.19935, 0.292953, 0.0649926]
            ]
          }, {
            "db": 0,
            "id": "MA0146.2",
            "alt": "Zfx",
            "len": 14,
            "nsites": 477,
            "url": "http://jaspar.genereg.net/matrix/MA0146.2",
            "pwm": [
              [0.104842, 0.373151, 0.375247, 0.146762], 
              [0.123706, 0.356383, 0.36267, 0.157242], 
              [0.190379, 0.315897, 0.416294, 0.0774313], 
              [0.150323, 0.102338, 0.619975, 0.127364], 
              [0.0208271, 0.617398, 0.299377, 0.0623984], 
              [0.0125129, 0.750426, 0.00422043, 0.232841], 
              [0.0623984, 0.257805, 0.380441, 0.299355], 
              [0.397047, 0.318084, 0.253648, 0.03122], 
              [0.01667, 0.00422043, 0.976989, 0.00212007], 
              [4.15008e-05, 0.00629899, 0.991539, 0.00212007], 
              [4.15008e-05, 0.999854, 6.3299e-05, 4.15008e-05], 
              [4.15008e-05, 0.997775, 6.3299e-05, 0.00212007], 
              [4.15008e-05, 0.00214186, 6.3299e-05, 0.997753], 
              [0.175005, 0.254177, 0.454135, 0.116684]
            ]
          }, {
            "db": 0,
            "id": "MA0162.4",
            "alt": "EGR1",
            "len": 14,
            "nsites": 30598,
            "url": "http://jaspar.genereg.net/matrix/MA0162.4",
            "pwm": [
              [0.231616, 0.379437, 0.216387, 0.17256], 
              [0.130629, 0.482024, 0.235669, 0.151677], 
              [0.474148, 0.336721, 0.125957, 0.0631744], 
              [0.0209826, 0.928261, 0.0247079, 0.0260476], 
              [0.167004, 0.0369639, 0.726746, 0.0692864], 
              [0.00741962, 0.958819, 0.0217339, 0.0120276], 
              [0.0470625, 0.892899, 0.0475528, 0.0124846], 
              [0.0102626, 0.9464, 0.0228129, 0.0205246], 
              [0.728706, 0.177136, 0.0693518, 0.0248066], 
              [0.00500063, 0.964342, 0.0228459, 0.00781162], 
              [0.153474, 0.0917057, 0.671415, 0.0834044], 
              [0.0316695, 0.823451, 0.0704958, 0.0743844], 
              [0.290967, 0.341231, 0.207366, 0.160435], 
              [0.124485, 0.447284, 0.256618, 0.171613]
            ]
          }, {
            "db": 0,
            "id": "MA0163.1",
            "alt": "PLAG1",
            "len": 14,
            "nsites": 18,
            "url": "http://jaspar.genereg.net/matrix/MA0163.1",
            "pwm": [
              [0.00109392, 0.00166851, 0.996144, 0.00109392], 
              [0.16684, 0.00166851, 0.775149, 0.056343], 
              [0.00109392, 0.00166851, 0.996144, 0.00109392], 
              [0.00109392, 0.00166851, 0.940895, 0.056343], 
              [0.00109392, 0.775149, 0.222663, 0.00109392], 
              [0.00109392, 0.830397, 0.0569176, 0.111591], 
              [0.222088, 0.554155, 0.0569176, 0.16684], 
              [0.664078, 0.00166851, 0.00166851, 0.332585], 
              [0.608829, 0.277912, 0.112166, 0.00109392], 
              [0.111591, 0.00166851, 0.775149, 0.111591], 
              [0.00109392, 0.00166851, 0.996144, 0.00109392], 
              [0.00109392, 0.00166851, 0.996144, 0.00109392], 
              [0.00109392, 0.00166851, 0.885647, 0.111591], 
              [0.111591, 0.00166851, 0.885647, 0.00109392]
            ]
          }, {
            "db": 0,
            "id": "MA0235.1",
            "alt": "onecut",
            "len": 7,
            "nsites": 15,
            "url": "http://jaspar.genereg.net/matrix/MA0235.1",
            "pwm": [
              [0.0675368, 0.13445, 0.002, 0.796013], 
              [0.00131126, 0.002, 0.002, 0.994689], 
              [0.00131126, 0.002, 0.995377, 0.00131126], 
              [0.994689, 0.002, 0.002, 0.00131126], 
              [0.00131126, 0.002, 0.002, 0.994689], 
              [0.00131126, 0.002, 0.002, 0.994689], 
              [0.332437, 0.002, 0.266901, 0.398662]
            ]
          }, {
            "db": 0,
            "id": "MA0471.2",
            "alt": "E2F6",
            "len": 13,
            "nsites": 33098,
            "url": "http://jaspar.genereg.net/matrix/MA0471.2",
            "pwm": [
              [0.220436, 0.243972, 0.373376, 0.162215], 
              [0.253157, 0.22373, 0.351955, 0.171158], 
              [0.288144, 0.154148, 0.349326, 0.208381], 
              [0.0637504, 0.0346858, 0.887876, 0.0136876], 
              [0.00803757, 0.0252898, 0.960479, 0.00619458], 
              [0.116503, 0.798355, 0.0209388, 0.0642034], 
              [0.0354405, 0.0162859, 0.923709, 0.0245635], 
              [0.0102126, 0.0131139, 0.966008, 0.0106656], 
              [0.0106966, 0.0251988, 0.955161, 0.00894357], 
              [0.886366, 0.0353808, 0.0701557, 0.00809757], 
              [0.777235, 0.0481908, 0.151701, 0.0228715], 
              [0.271769, 0.223881, 0.378573, 0.125778], 
              [0.230105, 0.256118, 0.344583, 0.169195]
            ]
          }, {
            "db": 0,
            "id": "MA0493.2",
            "alt": "KLF1",
            "len": 9,
            "nsites": 1000,
            "url": "http://jaspar.genereg.net/matrix/MA0493.2",
            "pwm": [
              [0.246441, 0.0706521, 0.374512, 0.308396], 
              [0.000606739, 0.000617138, 0.998168, 0.000606739], 
              [0.000606739, 0.000617138, 0.998168, 0.000606739], 
              [0.000606739, 0.000617138, 0.998168, 0.000606739], 
              [0.124879, 0.528668, 0.000617138, 0.345835], 
              [0.000606739, 0.000617138, 0.998168, 0.000606739], 
              [0.000606739, 0.000617138, 0.675086, 0.323689], 
              [0.0821926, 0.000617138, 0.896059, 0.0211317], 
              [0.000606739, 0.000617138, 0.998168, 0.000606739]
            ]
          }, {
            "db": 0,
            "id": "MA0516.3",
            "alt": "SP2",
            "len": 9,
            "nsites": 1000,
            "url": "http://jaspar.genereg.net/matrix/MA0516.3",
            "pwm": [
              [0.15323, 0.000763124, 0.766083, 0.0799238], 
              [0.167892, 0.000763124, 0.830592, 0.000752725], 
              [0.000752725, 0.000763124, 0.997731, 0.000752725], 
              [0.000752725, 0.000763124, 0.997731, 0.000752725], 
              [0.112179, 0.886306, 0.000763124, 0.000752725], 
              [0.000752725, 0.000763124, 0.997731, 0.000752725], 
              [0.000752725, 0.000763124, 0.974273, 0.0242114], 
              [0.120976, 0.000763124, 0.877508, 0.000752725], 
              [0.206011, 0.16497, 0.610673, 0.018346]
            ]
          }, {
            "db": 0,
            "id": "MA0522.3",
            "alt": "TCF3",
            "len": 11,
            "nsites": 31261,
            "url": "http://jaspar.genereg.net/matrix/MA0522.3",
            "pwm": [
              [0.200569, 0.326669, 0.273152, 0.19961], 
              [0.256934, 0.296504, 0.301718, 0.144845], 
              [0.0150036, 0.939795, 0.0226489, 0.0225526], 
              [0.924984, 0.0126689, 0.0503508, 0.0119966], 
              [0.0098856, 0.916156, 0.0435698, 0.0303895], 
              [0.0360515, 0.87006, 0.0848347, 0.0090536], 
              [0.0121566, 0.0640738, 0.0428338, 0.880936], 
              [0.0348365, 0.0332049, 0.916219, 0.0157386], 
              [0.0094376, 0.919418, 0.0315739, 0.0395705], 
              [0.23275, 0.279166, 0.25671, 0.231375], 
              [0.175458, 0.32379, 0.295, 0.205752]
            ]
          }, {
            "db": 0,
            "id": "MA0528.2",
            "alt": "ZNF263",
            "len": 12,
            "nsites": 56343,
            "url": "http://jaspar.genereg.net/matrix/MA0528.2",
            "pwm": [
              [0.235823, 0.23144, 0.359991, 0.172746], 
              [0.195517, 0.264611, 0.317395, 0.222477], 
              [0.230747, 0.109739, 0.513143, 0.146371], 
              [0.0285753, 0.0294455, 0.919439, 0.0225413], 
              [0.0140043, 0.0274045, 0.937436, 0.0211563], 
              [0.0168613, 0.0172515, 0.948387, 0.0175003], 
              [0.95664, 0.0294625, 0.00289353, 0.0110043], 
              [0.0147313, 0.0171455, 0.938447, 0.0296753], 
              [0.0123353, 0.0388695, 0.936069, 0.0127263], 
              [0.931774, 0.0312025, 0.0257005, 0.0113243], 
              [0.169302, 0.273557, 0.440605, 0.116536], 
              [0.149726, 0.207461, 0.445752, 0.197061]
            ]
          }, {
            "db": 0,
            "id": "MA0531.1",
            "alt": "CTCF",
            "len": 15,
            "nsites": 1902,
            "url": "http://jaspar.genereg.net/matrix/MA0531.1",
            "pwm": [
              [0.160885, 0.46056, 0.211887, 0.166669], 
              [0.164566, 0.603033, 0.115152, 0.117249], 
              [0.240271, 0.201372, 0.434273, 0.124084], 
              [0.355407, 0.412192, 0.184023, 0.0483779], 
              [0.135124, 0.37539, 0.0457545, 0.44373], 
              [0.806487, 0.00054185, 0.100957, 0.0920136], 
              [0.106209, 1.58772e-05, 0.893765, 1.04096e-05], 
              [0.51891, 1.58772e-05, 0.479486, 0.00158733], 
              [0.00106235, 0.00211877, 0.163519, 0.8333], 
              [1.04096e-05, 1.58772e-05, 0.999963, 1.04096e-05], 
              [0.00106235, 1.58772e-05, 0.868529, 0.130393], 
              [0.065202, 0.864849, 0.00159279, 0.0683558], 
              [0.000536382, 1.58772e-05, 0.950019, 0.0494298], 
              [0.0415432, 0.795978, 0.00422166, 0.158256], 
              [0.121455, 0.406409, 0.0757219, 0.396415]
            ]
          }, {
            "db": 0,
            "id": "MA0535.1",
            "alt": "Mad",
            "len": 15,
            "nsites": 102,
            "url": "http://jaspar.genereg.net/matrix/MA0535.1",
            "pwm": [
              [0.000193928, 0.470423, 0.460628, 0.0687537], 
              [0.342995, 0.254948, 0.127622, 0.274435], 
              [0.000193928, 0.137416, 0.862196, 0.000193928], 
              [0.342995, 0.000295788, 0.548778, 0.107931], 
              [0.000193928, 0.999316, 0.000295788, 0.000193928], 
              [0.000193928, 0.000295788, 0.999316, 0.000193928], 
              [0.225463, 0.636927, 0.000295788, 0.137314], 
              [0.000193928, 0.695692, 0.30392, 0.000193928], 
              [0.284229, 0.000295788, 0.715281, 0.000193928], 
              [0.284229, 0.382274, 0.333302, 0.000193928], 
              [0.107931, 0.519395, 0.245154, 0.12752], 
              [0.284229, 0.000295788, 0.715281, 0.000193928], 
              [0.117726, 0.470423, 0.264743, 0.147109], 
              [0.313612, 0.333302, 0.157005, 0.19608], 
              [0.107931, 0.274537, 0.617338, 0.000193928]
            ]
          }, {
            "db": 0,
            "id": "MA0597.2",
            "alt": "THAP1",
            "len": 12,
            "nsites": 5178,
            "url": "http://jaspar.genereg.net/matrix/MA0597.2",
            "pwm": [
              [0.1854, 0.29915, 0.363846, 0.151604], 
              [0.16184, 0.358052, 0.321939, 0.15817], 
              [0.092123, 0.186561, 0.615289, 0.106027], 
              [0.1068, 0.647154, 0.180187, 0.0658586], 
              [0.913659, 0.042299, 0.042492, 0.00154879], 
              [0.00425274, 0.0245324, 0.9575, 0.0137156], 
              [0.00772867, 0.0353471, 0.944947, 0.0119776], 
              [0.0175775, 0.0129446, 0.95441, 0.0150675], 
              [0.0189295, 0.938767, 0.0200904, 0.0222124], 
              [0.946297, 0.0183525, 0.0332222, 0.00212778], 
              [0.13036, 0.28428, 0.458475, 0.126884], 
              [0.189069, 0.310158, 0.361142, 0.13963]
            ]
          }, {
            "db": 0,
            "id": "MA0599.1",
            "alt": "KLF5",
            "len": 10,
            "nsites": 13611,
            "url": "http://jaspar.genereg.net/matrix/MA0599.1",
            "pwm": [
              [0.10499, 0.148631, 0.556313, 0.190067], 
              [1.4547e-06, 0.874289, 2.21878e-06, 0.125708], 
              [1.4547e-06, 0.882224, 2.21878e-06, 0.117773], 
              [0.255455, 0.703031, 2.21878e-06, 0.0415121], 
              [1.4547e-06, 0.999995, 2.21878e-06, 1.4547e-06], 
              [0.371096, 2.21878e-06, 0.38072, 0.248182], 
              [1.4547e-06, 0.999995, 2.21878e-06, 1.4547e-06], 
              [1.4547e-06, 0.999995, 2.21878e-06, 1.4547e-06], 
              [1.4547e-06, 0.965023, 2.21878e-06, 0.0349732], 
              [0.287634, 0.411064, 2.21878e-06, 0.301299]
            ]
          }, {
            "db": 0,
            "id": "MA0679.2",
            "alt": "ONECUT1",
            "len": 16,
            "nsites": 62219,
            "url": "http://jaspar.genereg.net/matrix/MA0679.2",
            "pwm": [
              [0.426204, 0.160932, 0.189878, 0.222987], 
              [0.459795, 0.132387, 0.198782, 0.209036], 
              [0.483132, 0.136261, 0.155194, 0.225413], 
              [0.609556, 0.121426, 0.0988283, 0.170189], 
              [0.838103, 0.0162495, 0.125267, 0.0203803], 
              [0.964576, 0.00575448, 0.0187405, 0.0109293], 
              [0.00774731, 0.00472548, 0.00387348, 0.983654], 
              [0.0216173, 0.967244, 0.00446848, 0.00667031], 
              [0.957825, 0.00704047, 0.0197055, 0.0154293], 
              [0.978318, 0.00397048, 0.00588248, 0.0118293], 
              [0.00361631, 0.00572248, 0.00260448, 0.988057], 
              [0.779889, 0.0554654, 0.0975913, 0.0670532], 
              [0.498867, 0.163712, 0.123114, 0.214308], 
              [0.403478, 0.167168, 0.128707, 0.300648], 
              [0.301258, 0.166975, 0.162796, 0.368971], 
              [0.320352, 0.190408, 0.180106, 0.309134]
            ]
          }, {
            "db": 0,
            "id": "MA0681.2",
            "alt": "PHOX2B",
            "len": 16,
            "nsites": 53236,
            "url": "http://jaspar.genereg.net/matrix/MA0681.2",
            "pwm": [
              [0.348073, 0.137144, 0.153505, 0.361278], 
              [0.365223, 0.132166, 0.126681, 0.37593], 
              [0.194305, 0.0516195, 0.0477505, 0.706326], 
              [0.802013, 0.0363485, 0.0429975, 0.118642], 
              [0.962487, 0.00931755, 0.00954255, 0.0186533], 
              [0.0327223, 0.0115525, 0.00877255, 0.946952], 
              [0.0460403, 0.687861, 0.0351835, 0.230915], 
              [0.809113, 0.0355965, 0.0110455, 0.144244], 
              [0.911976, 0.0272945, 0.0266365, 0.0340933], 
              [0.951892, 0.00847255, 0.0142955, 0.0253403], 
              [0.0173003, 0.00618056, 0.00698855, 0.969531], 
              [0.0770722, 0.0361225, 0.0231425, 0.863663], 
              [0.805262, 0.0363665, 0.0404805, 0.11789], 
              [0.302202, 0.0922124, 0.10461, 0.500976], 
              [0.382561, 0.155534, 0.143324, 0.318581], 
              [0.34873, 0.139173, 0.131471, 0.380626]
            ]
          }, {
            "db": 0,
            "id": "MA0685.2",
            "alt": "SP4",
            "len": 9,
            "nsites": 999,
            "url": "http://jaspar.genereg.net/matrix/MA0685.2",
            "pwm": [
              [0.149043, 0.000717158, 0.654498, 0.195742], 
              [0.000706749, 0.000717158, 0.99787, 0.000706749], 
              [0.000706749, 0.000717158, 0.99787, 0.000706749], 
              [0.000706749, 0.000717158, 0.99787, 0.000706749], 
              [0.275404, 0.723172, 0.000717158, 0.000706749], 
              [0.000706749, 0.000717158, 0.99787, 0.000706749], 
              [0.000706749, 0.000717158, 0.920954, 0.077622], 
              [0.289139, 0.000717158, 0.659992, 0.0501518], 
              [0.000706749, 0.000717158, 0.99787, 0.000706749]
            ]
          }, {
            "db": 0,
            "id": "MA0740.2",
            "alt": "KLF14",
            "len": 9,
            "nsites": 999,
            "url": "http://jaspar.genereg.net/matrix/MA0740.2",
            "pwm": [
              [0.0311747, 0.000666164, 0.619493, 0.348666], 
              [0.000655754, 0.000666164, 0.998022, 0.000655754], 
              [0.000655754, 0.000666164, 0.998022, 0.000655754], 
              [0.000655754, 0.000666164, 0.998022, 0.000655754], 
              [0.0949153, 0.814341, 0.000666164, 0.0900778], 
              [0.000655754, 0.000666164, 0.998022, 0.000655754], 
              [0.000655754, 0.000666164, 0.717856, 0.280822], 
              [0.107714, 0.000666164, 0.890964, 0.000655754], 
              [0.198614, 0.062112, 0.738618, 0.000655754]
            ]
          }, {
            "db": 0,
            "id": "MA0741.1",
            "alt": "KLF16",
            "len": 11,
            "nsites": 3053,
            "url": "http://jaspar.genereg.net/matrix/MA0741.1",
            "pwm": [
              [0.218145, 0.175241, 0.527998, 0.0786149], 
              [0.33296, 0.595703, 0.028464, 0.0428731], 
              [0.0359473, 0.934472, 0.00348778, 0.0260926], 
              [0.699923, 0.280585, 0.0194863, 6.48522e-06], 
              [0.0385112, 0.940469, 0.00992757, 0.0110911], 
              [0.185102, 0.0644398, 0.600362, 0.150095], 
              [0.00494432, 0.995039, 9.89158e-06, 6.48522e-06], 
              [0.00123944, 0.993812, 0.00494173, 6.48522e-06], 
              [0.00926518, 0.932849, 0.00174583, 0.0561386], 
              [0.261518, 0.703159, 0.0113795, 0.0239437], 
              [0.015715, 0.791344, 0.0113005, 0.181641]
            ]
          }, {
            "db": 0,
            "id": "MA0742.2",
            "alt": "KLF12",
            "len": 9,
            "nsites": 999,
            "url": "http://jaspar.genereg.net/matrix/MA0742.2",
            "pwm": [
              [0.101958, 0.000679162, 0.709699, 0.187663], 
              [0.0863752, 0.000679162, 0.912277, 0.000668753], 
              [0.000668753, 0.000679162, 0.997982, 0.000668753], 
              [0.000668753, 0.000679162, 0.997982, 0.000668753], 
              [0.0474181, 0.951234, 0.000679162, 0.000668753], 
              [0.000668753, 0.000679162, 0.997982, 0.000668753], 
              [0.00586323, 0.0785934, 0.725283, 0.190261], 
              [0.068195, 0.000679162, 0.930456, 0.000668753], 
              [0.000668753, 0.000679162, 0.969414, 0.0292379]
            ]
          }, {
            "db": 0,
            "id": "MA0746.2",
            "alt": "SP3",
            "len": 13,
            "nsites": 6591,
            "url": "http://jaspar.genereg.net/matrix/MA0746.2",
            "pwm": [
              [0.192232, 0.285844, 0.287513, 0.23441], 
              [0.284501, 0.0703995, 0.589284, 0.0558152], 
              [0.0848467, 0.842185, 0.0288821, 0.0440863], 
              [0.0228367, 0.940621, 0.00771147, 0.0288306], 
              [0.795418, 0.202606, 0.000307577, 0.00166898], 
              [0.00091099, 0.997265, 4.58193e-06, 0.00181898], 
              [0.0615101, 4.58193e-06, 0.871816, 0.066669], 
              [3.00406e-06, 0.999989, 4.58193e-06, 3.00406e-06], 
              [3.00406e-06, 0.998625, 4.58193e-06, 0.00136698], 
              [0.000276, 0.901263, 0.000277578, 0.0981825], 
              [0.477645, 0.440048, 0.0054355, 0.0768718], 
              [0.0746929, 0.687259, 0.039902, 0.198146], 
              [0.230011, 0.39569, 0.0795054, 0.294795]
            ]
          }, {
            "db": 0,
            "id": "MA0753.2",
            "alt": "ZNF740",
            "len": 13,
            "nsites": 1055,
            "url": "http://jaspar.genereg.net/matrix/MA0753.2",
            "pwm": [
              [0.176305, 0.475813, 0.172524, 0.175357], 
              [0.125686, 0.525192, 0.0558803, 0.293242], 
              [0.298308, 0.140762, 0.432897, 0.128033], 
              [0.049972, 0.87838, 0.0308337, 0.0408139], 
              [0.0932299, 0.894012, 0.0118915, 0.000865686], 
              [0.0164852, 0.96517, 0.00368828, 0.0146564], 
              [0.0200349, 0.959902, 0.00639702, 0.0136665], 
              [0.0210788, 0.966054, 0.00277536, 0.0100908], 
              [0.00929389, 0.9786, 0.00652201, 0.00558424], 
              [0.00189959, 0.992409, 0.00285036, 0.0028405], 
              [0.0974675, 0.894012, 0.00511314, 0.00340844], 
              [0.705166, 0.159772, 0.0454793, 0.0895823], 
              [0.132528, 0.675381, 0.0345963, 0.157494]
            ]
          }, {
            "db": 0,
            "id": "MA0757.1",
            "alt": "ONECUT3",
            "len": 14,
            "nsites": 6080,
            "url": "http://jaspar.genereg.net/matrix/MA0757.1",
            "pwm": [
              [0.466937, 0.168094, 0.22829, 0.136679], 
              [0.633381, 0.0623399, 0.187666, 0.116613], 
              [0.786536, 0.0354504, 0.0644279, 0.113584], 
              [0.801466, 0.0228096, 0.0147687, 0.160955], 
              [0.970613, 0.00447489, 0.0162887, 0.00862411], 
              [0.990699, 0.000819954, 0.00668586, 0.00179523], 
              [0.00514017, 0.0165407, 0.00225293, 0.976067], 
              [0.00376719, 0.994916, 0.000495959, 0.000821243], 
              [0.646368, 0.00327791, 0.348551, 0.00180323], 
              [0.993938, 0.000985951, 0.00147594, 0.0036002], 
              [0.00701114, 0.000982951, 0.00114595, 0.990861], 
              [0.905154, 0.0156367, 0.0278445, 0.0513644], 
              [0.595388, 0.141615, 0.0685898, 0.194408], 
              [0.306198, 0.209014, 0.104098, 0.380691]
            ]
          }, {
            "db": 0,
            "id": "MA0814.2",
            "alt": "TFAP2C",
            "len": 14,
            "nsites": 60819,
            "url": "http://jaspar.genereg.net/matrix/MA0814.2",
            "pwm": [
              [0.186027, 0.260741, 0.280143, 0.273089], 
              [0.224075, 0.206597, 0.330966, 0.238363], 
              [0.0621852, 0.241471, 0.620348, 0.0759962], 
              [0.0121013, 0.938982, 0.0373734, 0.0115423], 
              [0.00792531, 0.947351, 0.0338714, 0.0108523], 
              [0.0224773, 0.0910743, 0.0807314, 0.805718], 
              [0.0217533, 0.0499194, 0.907972, 0.0203553], 
              [0.839506, 0.0778214, 0.0648484, 0.0178233], 
              [0.0143713, 0.0244335, 0.953566, 0.00762931], 
              [0.0117403, 0.0258975, 0.952267, 0.0100963], 
              [0.0709152, 0.703036, 0.162235, 0.0638122], 
              [0.167481, 0.206399, 0.450073, 0.176047], 
              [0.266068, 0.250777, 0.307141, 0.176014], 
              [0.198721, 0.270771, 0.285552, 0.244956]
            ]
          }, {
            "db": 0,
            "id": "MA0830.2",
            "alt": "TCF4",
            "len": 13,
            "nsites": 29465,
            "url": "http://jaspar.genereg.net/matrix/MA0830.2",
            "pwm": [
              [0.20526, 0.341151, 0.242321, 0.211268], 
              [0.238724, 0.229221, 0.292483, 0.239572], 
              [0.141456, 0.171797, 0.627795, 0.0589515], 
              [0.00824764, 0.97356, 0.010895, 0.00729765], 
              [0.91712, 0.021552, 0.0439509, 0.0173776], 
              [0.00733165, 0.908364, 0.0588168, 0.0254886], 
              [0.0120826, 0.940911, 0.0406249, 0.00638065], 
              [0.0126256, 0.0344829, 0.0230449, 0.929847], 
              [0.00851964, 0.018328, 0.964939, 0.00821364], 
              [0.0574925, 0.642626, 0.17923, 0.120652], 
              [0.187816, 0.436857, 0.167419, 0.207908], 
              [0.217648, 0.29384, 0.270287, 0.218225], 
              [0.174207, 0.334057, 0.260037, 0.231699]
            ]
          }, {
            "db": 0,
            "id": "MA0975.1",
            "alt": "CRF2",
            "len": 8,
            "nsites": 1001,
            "url": "http://jaspar.genereg.net/matrix/MA0975.1",
            "pwm": [
              [0.0439714, 0.477504, 0.347647, 0.130876], 
              [0.108117, 0.783736, 0.0811031, 0.0270441], 
              [1.97783e-05, 3.01668e-05, 0.99993, 1.97783e-05], 
              [1.97783e-05, 0.976933, 0.0230279, 1.97783e-05], 
              [1.97783e-05, 0.99993, 3.01668e-05, 1.97783e-05], 
              [1.97783e-05, 3.01668e-05, 0.99993, 1.97783e-05], 
              [0.0230175, 0.930937, 3.01668e-05, 0.0460152], 
              [0.118008, 0.734957, 0.0590243, 0.088011]
            ]
          }, {
            "db": 0,
            "id": "MA0976.2",
            "alt": "CRF4",
            "len": 12,
            "nsites": 1900,
            "url": "http://jaspar.genereg.net/matrix/MA0976.2",
            "pwm": [
              [0.0868479, 0.614195, 0.130009, 0.168949], 
              [0.131057, 0.724715, 0.0584338, 0.0857949], 
              [0.04685, 0.00212078, 0.917863, 0.0331667], 
              [0.00211531, 0.981543, 0.0115943, 0.00474717], 
              [0.00527314, 0.982069, 0.00791048, 0.00474717], 
              [0.0594813, 0.00106884, 0.9126, 0.026851], 
              [0.00527314, 0.944177, 0.00475264, 0.045797], 
              [0.0289559, 0.94944, 0.00843645, 0.0131677], 
              [0.581033, 0.00633156, 0.343682, 0.0689538], 
              [0.0352716, 0.873128, 0.0210678, 0.0705327], 
              [0.174212, 0.527356, 0.104221, 0.194211], 
              [0.322098, 0.0884322, 0.398416, 0.191053]
            ]
          }, {
            "db": 0,
            "id": "MA0979.1",
            "alt": "ERF008",
            "len": 8,
            "nsites": 1000,
            "url": "http://jaspar.genereg.net/matrix/MA0979.1",
            "pwm": [
              [0.148005, 0.786952, 0.0240278, 0.0410157], 
              [0.334651, 0.0150137, 0.633334, 0.0170011], 
              [0.0270171, 0.888941, 0.0580244, 0.0260172], 
              [0.0390159, 0.933937, 0.0190283, 0.008019], 
              [0.0659472, 0.0439818, 0.86408, 0.0259912], 
              [0.319668, 0.523455, 0.0559686, 0.100909], 
              [0.0700128, 0.827947, 0.0680234, 0.0340164], 
              [0.10001, 0.416989, 0.328997, 0.154004]
            ]
          }, {
            "db": 0,
            "id": "MA1000.2",
            "alt": "ERF105",
            "len": 15,
            "nsites": 586,
            "url": "http://jaspar.genereg.net/matrix/MA1000.2",
            "pwm": [
              [0.245726, 0.0973049, 0.474374, 0.182597], 
              [0.254256, 0.308873, 0.061474, 0.375397], 
              [0.286674, 0.0751237, 0.438544, 0.199659], 
