<!DOCTYPE HTML>
<html>
  <head>
    <meta charset="UTF-8">
    <title>Tomtom Results</title>
    <script>
      // @JSON_VAR data
      var data = {
        "program": "Tomtom",
        "version": "5.4.1",
        "release": "Sat Aug 21 19:23:23 2021 -0700",
        "cmd": [
          "tomtom", "-verbosity", "1", "-oc",
          "ps_enhancers/streme_tomtom_out", "-min-overlap", "5", "-dist",
          "pearson", "-evalue", "-thresh", "1", "-no-ssc",
          "ps_enhancers/streme_out/streme.xml",
          "/ocean/projects/bio230007p/jqu1/motif_database/JASPAR2022_CORE_non-redundant_pfms_meme.txt"
        ],
        "options": {
          "strands": "both",
          "distance_measure": "pearson",
          "threshold_type": "evalue",
          "threshold_value": 1,
          "background_source": "--query--"
        },
        "alphabet": {
          "name": "DNA",
          "like": "dna",
          "ncore": 4,
          "symbols": [
            {
              "symbol": "A",
              "name": "Adenine",
              "colour": "CC0000",
              "complement": "T"
            }, {
              "symbol": "C",
              "name": "Cytosine",
              "colour": "0000CC",
              "complement": "G"
            }, {
              "symbol": "G",
              "name": "Guanine",
              "colour": "FFB300",
              "complement": "C"
            }, {
              "symbol": "T",
              "aliases": "U",
              "name": "Thymine",
              "colour": "008000",
              "complement": "A"
            }, {
              "symbol": "N",
              "aliases": "X.",
              "name": "Any base",
              "equals": "ACGT"
            }, {
              "symbol": "V",
              "name": "Not T",
              "equals": "ACG"
            }, {
              "symbol": "H",
              "name": "Not G",
              "equals": "ACT"
            }, {
              "symbol": "D",
              "name": "Not C",
              "equals": "AGT"
            }, {
              "symbol": "B",
              "name": "Not A",
              "equals": "CGT"
            }, {
              "symbol": "M",
              "name": "Amino",
              "equals": "AC"
            }, {
              "symbol": "R",
              "name": "Purine",
              "equals": "AG"
            }, {
              "symbol": "W",
              "name": "Weak",
              "equals": "AT"
            }, {
              "symbol": "S",
              "name": "Strong",
              "equals": "CG"
            }, {
              "symbol": "Y",
              "name": "Pyrimidine",
              "equals": "CT"
            }, {
              "symbol": "K",
              "name": "Keto",
              "equals": "GT"
            }
          ]
        },
        "background": [0.25, 0.25, 0.25, 0.25],
        "query_dbs": [
          {
            "source": "ps_enhancers/streme_out/streme.xml",
            "name": "streme.xml",
            "loaded": 7,
            "excluded": 0,
            "last_modified": "Thu Apr 17 04:00:39 2025"
          }
        ],
        "target_dbs": [
          {
            "source": "/ocean/projects/bio230007p/jqu1/motif_database/JASPAR2022_CORE_non-redundant_pfms_meme.txt",
            "name": "JASPAR2022_CORE_non-redundant_pfms_meme.txt",
            "loaded": 1956,
            "excluded": 0,
            "last_modified": "Fri Feb 11 16:00:10 2022"
          }
        ],
        "queries": [
          {
            "db": 0,
            "id": "1-CCASYAGRKGGCRSYV",
            "alt": "STREME-1",
            "len": 16,
            "nsites": 508,
            "evalue": "2.0e-011",
            "pwm": [
              [0.0949126, 0.807838, 0.0552404, 0.0420082], 
              [0.000125648, 0.999617, 0.000131753, 0.000125648], 
              [0.834285, 0.000131753, 0.0883057, 0.0772779], 
              [0.0243735, 0.633694, 0.330784, 0.0111474], 
              [0.176473, 0.402238, 0.0552404, 0.366047], 
              [0.924663, 0.0155621, 0.0398101, 0.0199648], 
              [0.000125648, 0.000131753, 0.999617, 0.000125648], 
              [0.524761, 0.000131753, 0.472777, 0.00232999], 
              [0.000125648, 0.000131753, 0.513745, 0.485998], 
              [0.0133518, 0.000131753, 0.986391, 0.000125648], 
              [0.0221691, 0.0023361, 0.887196, 0.0882996], 
              [0.0949126, 0.836496, 0.0177665, 0.0508257], 
              [0.574171, 0.0023361, 0.403528, 0.0199648], 
              [0.0728692, 0.46084, 0.439713, 0.0265779], 
              [0.109054, 0.377076, 0.0794884, 0.434383], 
              [0.418952, 0.229384, 0.29643, 0.0552343]
            ]
          }, {
            "db": 0,
            "id": "2-GYAAAYA",
            "alt": "STREME-2",
            "len": 7,
            "nsites": 315,
            "evalue": "4.0e-003",
            "pwm": [
              [0.000914185, 0.000980862, 0.997191, 0.000914185], 
              [0.000914185, 0.436577, 0.000980862, 0.561529], 
              [0.997124, 0.000980862, 0.000980862, 0.000914185], 
              [0.945938, 0.000980862, 0.000980862, 0.0521], 
              [0.997124, 0.000980862, 0.000980862, 0.000914185], 
              [0.000914185, 0.624129, 0.000980862, 0.373976], 
              [0.903139, 0.000980862, 0.0949663, 0.000914185]
            ]
          }, {
            "db": 0,
            "id": "3-CCCAGCCC",
            "alt": "STREME-3",
            "len": 8,
            "nsites": 190,
            "evalue": "2.2e-002",
            "pwm": [
              [0.000902803, 0.99723, 0.000964403, 0.000902803], 
              [0.000902803, 0.994491, 0.00370368, 0.000902803], 
              [0.000902803, 0.885633, 0.0968441, 0.0166197], 
              [0.786722, 0.10681, 0.105565, 0.000902803], 
              [0.213944, 0.0873817, 0.67849, 0.0201843], 
              [0.000902803, 0.99723, 0.000964403, 0.000902803], 
              [0.000902803, 0.94078, 0.0574135, 0.000902803], 
              [0.000902803, 0.970511, 0.0276834, 0.000902803]
            ]
          }, {
            "db": 0,
            "id": "4-CCAAGGTCA",
            "alt": "STREME-4",
            "len": 9,
            "nsites": 78,
            "evalue": "3.1e-002",
            "pwm": [
              [0.0664999, 0.837475, 0.0948929, 0.0011324], 
              [0.094828, 0.902842, 0.00119727, 0.0011324], 
              [0.97305, 0.00119727, 0.0246204, 0.0011324], 
              [0.960385, 0.0372849, 0.00119727, 0.0011324], 
              [0.0011324, 0.00119727, 0.996538, 0.0011324], 
              [0.0011324, 0.0896496, 0.908085, 0.0011324], 
              [0.134562, 0.157344, 0.00119727, 0.706896], 
              [0.0759168, 0.865183, 0.00119727, 0.0577023], 
              [0.996473, 0.00119727, 0.00119727, 0.0011324]
            ]
          }, {
            "db": 0,
            "id": "5-AAAAARAAAAMA",
            "alt": "STREME-5",
            "len": 12,
            "nsites": 64,
            "evalue": "6.4e-001",
            "pwm": [
              [0.996703, 0.0011167, 0.0011167, 0.00106295], 
              [0.957894, 0.0399259, 0.0011167, 0.00106295], 
              [0.977299, 0.0205214, 0.0011167, 0.00106295], 
              [0.969245, 0.00917081, 0.0011167, 0.0204675], 
              [0.996703, 0.0011167, 0.0011167, 0.00106295], 
              [0.24322, 0.13695, 0.482936, 0.136896], 
              [0.996703, 0.0011167, 0.0011167, 0.00106295], 
              [0.996703, 0.0011167, 0.0011167, 0.00106295], 
              [0.93849, 0.0011167, 0.0593306, 0.00106295], 
              [0.716984, 0.0479801, 0.0981399, 0.136896], 
              [0.340242, 0.560555, 0.0205214, 0.0786815], 
              [0.744443, 0.0787352, 0.0787352, 0.0980862]
            ]
          }, {
            "db": 0,
            "id": "6-TAATRATTAAC",
            "alt": "STREME-6",
            "len": 11,
            "nsites": 53,
            "evalue": "8.1e-001",
            "pwm": [
              [0.00120768, 0.150003, 0.0225146, 0.826275], 
              [0.996259, 0.00126653, 0.00126653, 0.00120768], 
              [0.996259, 0.00126653, 0.00126653, 0.00120768], 
              [0.00120768, 0.00126653, 0.00126653, 0.996259], 
              [0.392492, 0.00126653, 0.52004, 0.0862001], 
              [0.76253, 0.00126653, 0.0437627, 0.192441], 
              [0.20126, 0.0100858, 0.0225146, 0.76614], 
              [0.00120768, 0.0437627, 0.00126653, 0.953763], 
              [0.77496, 0.0225146, 0.0650108, 0.137515], 
              [0.996259, 0.00126653, 0.00126653, 0.00120768], 
              [0.0224557, 0.762588, 0.0437637, 0.171193]
            ]
          }, {
            "db": 0,
            "id": "7-ATTATCTC",
            "alt": "STREME-7",
            "len": 8,
            "nsites": 89,
            "evalue": "1.0e+000",
            "pwm": [
              [0.766815, 0.151166, 0.000976552, 0.0810424], 
              [0.000925077, 0.000976552, 0.000976552, 0.997122], 
              [0.108974, 0.000976552, 0.000976552, 0.889072], 
              [0.997122, 0.000976552, 0.000976552, 0.000925077], 
              [0.000925077, 0.000976552, 0.000976552, 0.997122], 
              [0.040736, 0.856009, 0.000976552, 0.102278], 
              [0.0938476, 0.000976552, 0.019561, 0.885615], 
              [0.0602607, 0.830449, 0.0698703, 0.03942]
            ]
          }
        ],
        "targets": [
          {
            "db": 0,
            "id": "MA0017.2",
            "alt": "NR2F1",
            "len": 13,
            "nsites": 23504,
            "url": "http://jaspar.genereg.net/matrix/MA0017.2",
            "pwm": [
              [0.204306, 0.48698, 0.139381, 0.169333], 
              [0.602537, 0.14031, 0.0956137, 0.161539], 
              [0.52521, 0.0320959, 0.403797, 0.0388959], 
              [0.691461, 1.06364e-06, 0.308537, 1.06364e-06], 
              [1.06364e-06, 0.00248305, 0.997515, 1.06364e-06], 
              [1.06364e-06, 1.06364e-06, 0.999997, 1.06364e-06], 
              [1.06364e-06, 1.06364e-06, 1.06364e-06, 0.999997], 
              [1.06364e-06, 0.999997, 1.06364e-06, 1.06364e-06], 
              [0.992507, 1.06364e-06, 0.00749103, 1.06364e-06], 
              [0.424246, 0.253338, 0.134174, 0.188241], 
              [0.267767, 0.245957, 0.364458, 0.121819], 
              [0.271664, 0.204826, 0.322249, 0.20126], 
              [0.116125, 0.0595238, 0.753504, 0.0708478]
            ]
          }, {
            "db": 0,
            "id": "MA0030.1",
            "alt": "FOXF2",
            "len": 14,
            "nsites": 27,
            "url": "http://jaspar.genereg.net/matrix/MA0030.1",
            "pwm": [
              [0.0378228, 0.369926, 0.259225, 0.333025], 
              [0.369926, 0.259225, 0.185424, 0.185424], 
              [0.628229, 0.148524, 0.0747232, 0.148524], 
              [0.463495, 0.178835, 0.178835, 0.178835], 
              [0.136783, 0.499077, 0.363217, 0.000922509], 
              [0.259225, 0.000922509, 0.73893, 0.000922509], 
              [0.000922509, 0.000922509, 0.000922509, 0.997232], 
              [0.997232, 0.000922509, 0.000922509, 0.000922509], 
              [0.997232, 0.000922509, 0.000922509, 0.000922509], 
              [0.997232, 0.000922509, 0.000922509, 0.000922509], 
              [0.000922509, 0.923432, 0.000922509, 0.0747232], 
              [0.997232, 0.000922509, 0.000922509, 0.000922509], 
              [0.591329, 0.148524, 0.0747232, 0.185424], 
              [0.259225, 0.148524, 0.222325, 0.369926]
            ]
          }, {
            "db": 0,
            "id": "MA0031.1",
            "alt": "FOXD1",
            "len": 8,
            "nsites": 20,
            "url": "http://jaspar.genereg.net/matrix/MA0031.1",
            "pwm": [
              [0.050995, 0.050995, 0.847015, 0.050995], 
              [0.00124378, 0.00124378, 0.00124378, 0.996269], 
              [0.946517, 0.050995, 0.00124378, 0.00124378], 
              [0.996269, 0.00124378, 0.00124378, 0.00124378], 
              [0.896766, 0.050995, 0.050995, 0.00124378], 
              [0.050995, 0.896766, 0.00124378, 0.050995], 
              [0.996269, 0.00124378, 0.00124378, 0.00124378], 
              [0.349502, 0.100746, 0.150498, 0.399254]
            ]
          }, {
            "db": 0,
            "id": "MA0032.2",
            "alt": "FOXC1",
            "len": 11,
            "nsites": 19566,
            "url": "http://jaspar.genereg.net/matrix/MA0032.2",
            "pwm": [
              [0.329756, 0.0394571, 0.0155382, 0.615249], 
              [0.695237, 0.0353361, 0.202155, 0.0672729], 
              [0.344387, 0.0876138, 0.105678, 0.462323], 
              [0.257364, 0.0178012, 0.722132, 0.00270326], 
              [0.108395, 0.0717429, 0.0169382, 0.802924], 
              [0.706923, 0.289518, 0.00113327, 0.00242627], 
              [0.991151, 0.00579125, 1.27772e-06, 0.00305726], 
              [0.983558, 0.00298026, 0.00750224, 0.00595925], 
              [0.00649824, 0.467699, 0.00878823, 0.517014], 
              [0.966337, 0.00141227, 0.0226322, 0.00961823], 
              [0.31682, 0.0736509, 0.052332, 0.557198]
            ]
          }, {
            "db": 0,
            "id": "MA0033.2",
            "alt": "FOXL1",
            "len": 7,
            "nsites": 4933,
            "url": "http://jaspar.genereg.net/matrix/MA0033.2",
            "pwm": [
              [0.426106, 0.00264001, 0.542869, 0.0283845], 
              [0.00192603, 0.0799114, 5.06781e-06, 0.918157], 
              [0.874644, 0.114916, 0.0104349, 5.06781e-06], 
              [0.989019, 0.00786791, 5.06781e-06, 0.003109], 
              [0.973112, 0.0166987, 0.0101839, 5.06781e-06], 
              [5.06781e-06, 0.778859, 5.06781e-06, 0.221131], 
              [0.985349, 0.0111368, 5.06781e-06, 0.003509]
            ]
          }, {
            "db": 0,
            "id": "MA0042.2",
            "alt": "FOXI1",
            "len": 7,
            "nsites": 5832,
            "url": "http://jaspar.genereg.net/matrix/MA0042.2",
            "pwm": [
              [0.105969, 0.00669117, 0.887335, 4.28662e-06], 
              [0.013851, 0.0112321, 0.00655317, 0.968364], 
              [0.899676, 0.0938827, 0.00643718, 4.28662e-06], 
              [0.995562, 0.00442921, 4.28662e-06, 4.28662e-06], 
              [0.977694, 0.00434921, 0.00548319, 0.0124731], 
              [0.0253669, 0.836016, 0.00775815, 0.130858], 
              [0.992888, 0.00230625, 0.0048012, 4.28662e-06]
            ]
          }, {
            "db": 0,
            "id": "MA0046.2",
            "alt": "HNF1A",
            "len": 15,
            "nsites": 14149,
            "url": "http://jaspar.genereg.net/matrix/MA0046.2",
            "pwm": [
              [0.368152, 0.172522, 0.246661, 0.212665], 
              [0.459275, 0.0273046, 0.471577, 0.0418435], 
              [0.0228056, 0.0642903, 0.0547684, 0.858135], 
              [0.147344, 0.109724, 0.0275086, 0.715424], 
              [0.981746, 0.000209765, 0.0170706, 0.00097276], 
              [0.933676, 0.0417725, 0.000529763, 0.0240216], 
              [0.0803642, 0.0266846, 0.000443764, 0.892507], 
              [0.236076, 0.265055, 0.320892, 0.177977], 
              [0.934046, 0.000595763, 0.0223806, 0.0429775], 
              [0.0452364, 0.000828761, 0.0537614, 0.900173], 
              [0.00291375, 0.0158097, 0.000278765, 0.980998], 
              [0.814984, 0.0136527, 0.0770132, 0.0943501], 
              [0.878107, 0.0431345, 0.0679593, 0.0108007], 
              [0.0864822, 0.822325, 0.0380695, 0.0531224], 
              [0.280727, 0.242208, 0.16079, 0.316277]
            ]
          }, {
            "db": 0,
            "id": "MA0047.3",
            "alt": "FOXA2",
            "len": 11,
            "nsites": 262153,
            "url": "http://jaspar.genereg.net/matrix/MA0047.3",
            "pwm": [
              [0.428151, 0.13, 0.243392, 0.198457], 
              [0.357577, 0.0474231, 0.147006, 0.447994], 
              [0.0715991, 0.0111691, 0.901424, 0.0158081], 
              [0.0142551, 0.00777009, 0.00721009, 0.970765], 
              [0.93001, 0.0359481, 0.0100741, 0.0239671], 
              [0.850881, 0.0855571, 0.0247341, 0.0388281], 
              [0.946829, 0.0126991, 0.0107001, 0.0297731], 
              [0.00919709, 0.751351, 0.0137441, 0.225708], 
              [0.94092, 0.0117721, 0.0113831, 0.0359261], 
              [0.293531, 0.192926, 0.192739, 0.320805], 
              [0.325802, 0.204587, 0.216027, 0.253585]
            ]
          }, {
            "db": 0,
            "id": "MA0065.2",
            "alt": "Pparg::Rxra",
            "len": 15,
            "nsites": 857,
            "url": "http://jaspar.genereg.net/matrix/MA0065.2",
            "pwm": [
              [0.109701, 0.369881, 0.373382, 0.147037], 
              [0.117731, 0.19348, 0.148031, 0.540759], 
              [0.453464, 0.02677, 0.427886, 0.0918785], 
              [0.11616, 0.00351276, 0.779264, 0.101062], 
              [0.161263, 0.0174281, 0.781841, 0.0394676], 
              [0.168223, 0.149664, 0.458213, 0.223901], 
              [0.0822906, 0.63379, 0.207421, 0.0764972], 
              [0.948933, 0.0243603, 0.0174081, 0.00929809], 
              [0.604826, 0.0556427, 0.312855, 0.0266771], 
              [0.825164, 0.00581549, 0.158576, 0.010445], 
              [0.0950351, 0.0023459, 0.888685, 0.0139325], 
              [0.0475326, 0.010457, 0.802948, 0.139063], 
              [0.0255182, 0.114732, 0.304745, 0.555005], 
              [0.0626669, 0.643806, 0.167063, 0.126464], 
              [0.784161, 0.0673063, 0.0545468, 0.0939862]
            ]
          }, {
            "db": 0,
            "id": "MA0071.1",
            "alt": "RORA",
            "len": 10,
            "nsites": 25,
            "url": "http://jaspar.genereg.net/matrix/MA0071.1",
            "pwm": [
              [0.598606, 0.0408367, 0.0806773, 0.27988], 
              [0.359562, 0.0408367, 0.000996016, 0.598606], 
              [0.24004, 0.479084, 0.160359, 0.120518], 
              [0.439243, 0.0806773, 0.200199, 0.27988], 
              [0.837649, 0.000996016, 0.160359, 0.000996016], 
              [0.000996016, 0.000996016, 0.997012, 0.000996016], 
              [0.000996016, 0.000996016, 0.997012, 0.000996016], 
              [0.000996016, 0.000996016, 0.000996016, 0.997012], 
              [0.000996016, 0.997012, 0.000996016, 0.000996016], 
              [0.997012, 0.000996016, 0.000996016, 0.000996016]
            ]
          }, {
            "db": 0,
            "id": "MA0079.5",
            "alt": "SP1",
            "len": 9,
            "nsites": 1000,
            "url": "http://jaspar.genereg.net/matrix/MA0079.5",
            "pwm": [
              [0.00107989, 0.00107989, 0.950352, 0.0474883], 
              [0.00107989, 0.00107989, 0.99676, 0.00107989], 
              [0.00107989, 0.00107989, 0.99676, 0.00107989], 
              [0.00107989, 0.00107989, 0.99676, 0.00107989], 
              [0.266876, 0.730964, 0.00107989, 0.00107989], 
              [0.00107989, 0.00107989, 0.99676, 0.00107989], 
              [0.00107989, 0.0854595, 0.912381, 0.00107989], 
              [0.254219, 0.0517078, 0.659242, 0.0348315], 
              [0.161401, 0.00107989, 0.836439, 0.00107989]
            ]
          }, {
            "db": 0,
            "id": "MA0115.1",
            "alt": "NR1H2::RXRA",
            "len": 17,
            "nsites": 25,
            "url": "http://jaspar.genereg.net/matrix/MA0115.1",
            "pwm": [
              [0.678287, 0.200199, 0.000996016, 0.120518], 
              [0.678287, 0.0408367, 0.200199, 0.0806773], 
              [0.797809, 0.000996016, 0.200199, 0.000996016], 
              [0.000996016, 0.000996016, 0.997012, 0.000996016], 
              [0.000996016, 0.000996016, 0.957171, 0.0408367], 
              [0.000996016, 0.000996016, 0.000996016, 0.997012], 
              [0.000996016, 0.997012, 0.000996016, 0.000996016], 
              [0.997012, 0.000996016, 0.000996016, 0.000996016], 
              [0.957171, 0.000996016, 0.000996016, 0.0408367], 
              [0.997012, 0.000996016, 0.000996016, 0.000996016], 
              [0.000996016, 0.000996016, 0.997012, 0.000996016], 
              [0.000996016, 0.000996016, 0.997012, 0.000996016], 
              [0.000996016, 0.000996016, 0.000996016, 0.997012], 
              [0.000996016, 0.997012, 0.000996016, 0.000996016], 
              [0.997012, 0.000996016, 0.000996016, 0.000996016], 
              [0.797809, 0.0408367, 0.0806773, 0.0806773], 
              [0.000996016, 0.598606, 0.24004, 0.160359]
            ]
          }, {
            "db": 0,
            "id": "MA0123.1",
            "alt": "abi4",
            "len": 10,
            "nsites": 49,
            "url": "http://jaspar.genereg.net/matrix/MA0123.1",
            "pwm": [
              [0.000509165, 0.998473, 0.000509165, 0.000509165], 
              [0.244908, 0.000509165, 0.754073, 0.000509165], 
              [0.000509165, 0.407841, 0.591141, 0.000509165], 
              [0.000509165, 0.468941, 0.0208756, 0.509674], 
              [0.0208756, 0.0616085, 0.917006, 0.000509165], 
              [0.000509165, 0.917006, 0.0819759, 0.000509165], 
              [0.102342, 0.570774, 0.122709, 0.204176], 
              [0.0616085, 0.509674, 0.224542, 0.204176], 
              [0.0616085, 0.631874, 0.102342, 0.204176], 
              [0.0819759, 0.53004, 0.143075, 0.244908]
            ]
          }, {
            "db": 0,
            "id": "MA0139.1",
            "alt": "CTCF",
            "len": 19,
            "nsites": 913,
            "url": "http://jaspar.genereg.net/matrix/MA0139.1",
            "pwm": [
              [0.0953069, 0.318721, 0.0832603, 0.50271], 
              [0.18292, 0.158827, 0.453428, 0.204824], 
              [0.307771, 0.0536905, 0.491759, 0.14678], 
              [0.0613567, 0.876163, 0.0230259, 0.0394531], 
              [0.00878842, 0.988966, 2.73793e-05, 0.00221814], 
              [0.814834, 0.0142648, 0.0712136, 0.0996875], 
              [0.0438346, 0.578277, 0.365814, 0.0120741], 
              [0.11734, 0.474756, 0.0526536, 0.355251], 
              [0.933039, 0.0120871, 0.0351115, 0.0197622], 
              [0.00551478, 2.73793e-05, 0.991137, 0.00332002], 
              [0.365519, 0.00332002, 0.621254, 0.0099053], 
              [0.0592969, 0.0131979, 0.553205, 0.3743], 
              [0.0132129, 2.73793e-05, 0.977942, 0.00881742], 
              [0.0615586, 0.00881742, 0.851582, 0.0780408], 
              [0.114426, 0.80632, 0.00552778, 0.0737263], 
              [0.409224, 0.0143268, 0.557722, 0.0187273], 
              [0.0903255, 0.530806, 0.338096, 0.0407719], 
              [0.128868, 0.354615, 0.0804146, 0.436103], 
              [0.44271, 0.199345, 0.292947, 0.0649983]
            ]
          }, {
            "db": 0,
            "id": "MA0141.3",
            "alt": "ESRRB",
            "len": 11,
            "nsites": 2302,
            "url": "http://jaspar.genereg.net/matrix/MA0141.3",
            "pwm": [
              [0.0469248, 0.162037, 0.0325894, 0.758449], 
              [0.00447267, 0.865615, 0.12643, 0.00348171], 
              [0.997112, 0.000581835, 1.08596e-05, 0.00229476], 
              [0.997682, 0.000581835, 0.00172479, 1.08596e-05], 
              [0.00172279, 0.00115281, 0.996543, 0.000581835], 
              [0.000580835, 0.00229176, 0.995407, 0.00172079], 
              [0.00339871, 0.00622159, 0.00452766, 0.985852], 
              [0.00114481, 0.989764, 0.000577835, 0.00851349], 
              [0.967282, 1.08596e-05, 0.0310345, 0.00167279], 
              [0.343272, 0.125188, 0.020548, 0.510991], 
              [0.396328, 0.187861, 0.108253, 0.307557]
            ]
          }, {
            "db": 0,
            "id": "MA0148.4",
            "alt": "FOXA1",
            "len": 12,
            "nsites": 322803,
            "url": "http://jaspar.genereg.net/matrix/MA0148.4",
            "pwm": [
              [0.415455, 0.164995, 0.199843, 0.219707], 
              [0.356552, 0.0497861, 0.1663, 0.427363], 
              [0.0721371, 0.0183861, 0.872396, 0.0370811], 
              [0.0342651, 0.0431591, 0.0188721, 0.903703], 
              [0.922169, 0.0453781, 0.0162421, 0.0162111], 
              [0.91356, 0.0415421, 0.0116911, 0.0332061], 
              [0.96934, 0.00759608, 0.0113131, 0.0117501], 
              [0.0229121, 0.84554, 0.0148851, 0.116662], 
              [0.956943, 0.0113821, 0.00999407, 0.0216821], 
              [0.131037, 0.0713691, 0.0845191, 0.713076], 
              [0.255698, 0.187641, 0.292364, 0.264297], 
              [0.272934, 0.198378, 0.21975, 0.308938]
            ]
          }, {
            "db": 0,
            "id": "MA0153.2",
            "alt": "HNF1B",
            "len": 13,
            "nsites": 35025,
            "url": "http://jaspar.genereg.net/matrix/MA0153.2",
            "pwm": [
              [0.0436266, 0.0294086, 0.880483, 0.0464816], 
              [0.0152977, 0.0721605, 0.0405476, 0.871994], 
              [0.140396, 0.0849245, 0.0190637, 0.755616], 
              [0.985301, 0.000415713, 0.0127167, 0.00156671], 
              [0.941532, 0.0355076, 0.0042747, 0.0186857], 
              [0.0577575, 0.0240366, 0.00196171, 0.916244], 
              [0.210844, 0.299501, 0.312147, 0.177508], 
              [0.947171, 0.00224271, 0.0184287, 0.0321576], 
              [0.0387226, 0.0121757, 0.0465076, 0.902594], 
              [0.00253371, 0.0210547, 3.27137e-05, 0.976379], 
              [0.770531, 0.0198397, 0.131699, 0.0779305], 
              [0.888807, 0.0424246, 0.0570656, 0.0117017], 
              [0.0536686, 0.513116, 0.0217377, 0.411477]
            ]
          }, {
            "db": 0,
            "id": "MA0157.3",
            "alt": "Foxo3",
            "len": 12,
            "nsites": 23912,
            "url": "http://jaspar.genereg.net/matrix/MA0157.3",
            "pwm": [
              [0.282285, 0.221144, 0.240423, 0.256148], 
              [0.321763, 0.105136, 0.227375, 0.345726], 
              [0.145115, 0.0246749, 0.803026, 0.0271839], 
              [0.0646548, 0.018193, 0.0501428, 0.867009], 
              [0.930074, 0.0404829, 0.013718, 0.015725], 
              [0.932081, 0.0335819, 0.013927, 0.020409], 
              [0.94308, 0.0202, 0.019405, 0.017314], 
              [0.016854, 0.888128, 0.015098, 0.0799187], 
              [0.925934, 0.0245489, 0.015098, 0.0344189], 
              [0.431749, 0.193418, 0.216, 0.158832], 
              [0.294789, 0.238081, 0.274256, 0.192874], 
              [0.274005, 0.246822, 0.238039, 0.241134]
            ]
          }, {
            "db": 0,
            "id": "MA0277.1",
            "alt": "AZF1",
            "len": 9,
            "nsites": 102,
            "url": "http://jaspar.genereg.net/matrix/MA0277.1",
            "pwm": [
              [0.617287, 0.127571, 0.127571, 0.127571], 
              [0.999265, 0.000244858, 0.000244858, 0.000244858], 
              [0.999265, 0.000244858, 0.000244858, 0.000244858], 
              [0.870678, 0.128832, 0.000244858, 0.000244858], 
              [0.74951, 0.000244858, 0.25, 0.000244858], 
              [0.000244858, 0.000244858, 0.999265, 0.000244858], 
              [0.779481, 0.160088, 0.0302155, 0.0302155], 
              [0.817626, 0.0607915, 0.0607915, 0.0607915], 
              [0.617287, 0.127571, 0.127571, 0.127571]
            ]
          }, {
            "db": 0,
            "id": "MA0296.1",
            "alt": "FKH1",
            "len": 20,
            "nsites": 997,
            "url": "http://jaspar.genereg.net/matrix/MA0296.1",
            "pwm": [
              [0.17754, 0.28786, 0.207627, 0.326973], 
              [0.247495, 0.192391, 0.334661, 0.225453], 
              [0.520494, 0.0841006, 0.0981132, 0.297292], 
              [0.527026, 0.0761694, 0.129271, 0.267533], 
              [0.365353, 0.0730907, 0.15016, 0.411395], 
              [0.119251, 0.146303, 0.133279, 0.601167], 
              [0.146303, 0.00403267, 0.848637, 0.00102697], 
              [0.00704537, 0.00303377, 2.50727e-05, 0.989896], 
              [0.961815, 0.0371324, 2.50727e-05, 0.00102797], 
              [0.978885, 0.011046, 0.00102697, 0.00904217], 
              [0.99191, 0.00102697, 0.00202887, 0.00503457], 
              [0.00102697, 0.926786, 0.00102697, 0.0711599], 
              [0.99191, 0.00102697, 0.00303077, 0.00403267], 
              [0.875689, 0.0390992, 0.0160555, 0.0691561], 
              [0.672303, 0.0491181, 0.070158, 0.208421], 
              [0.248497, 0.191389, 0.4078, 0.152315], 
              [0.374736, 0.158326, 0.296588, 0.170349], 
              [0.284566, 0.184376, 0.330653, 0.200406], 
              [0.205415, 0.116245, 0.452886, 0.225453], 
              [0.421827, 0.192391, 0.248497, 0.137286]
            ]
          }, {
            "db": 0,
            "id": "MA0297.1",
            "alt": "FKH2",
            "len": 7,
            "nsites": 101,
            "url": "http://jaspar.genereg.net/matrix/MA0297.1",
            "pwm": [
              [0.128833, 0.00024728, 0.870672, 0.00024728], 
              [0.00024728, 0.00024728, 0.00024728, 0.999258], 
              [0.999258, 0.00024728, 0.00024728, 0.00024728], 
              [0.999258, 0.00024728, 0.00024728, 0.00024728], 
              [0.999258, 0.00024728, 0.00024728, 0.00024728], 
              [0.00024728, 0.999258, 0.00024728, 0.00024728], 
              [0.999258, 0.00024728, 0.00024728, 0.00024728]
            ]
          }, {
            "db": 0,
            "id": "MA0446.1",
            "alt": "fkh",
            "len": 11,
            "nsites": 27,
            "url": "http://jaspar.genereg.net/matrix/MA0446.1",
            "pwm": [
              [0.111624, 0.000922509, 0.000922509, 0.886531], 
              [0.185424, 0.000922509, 0.812731, 0.000922509], 
              [0.000922509, 0.000922509, 0.000922509, 0.997232], 
              [0.000922509, 0.000922509, 0.000922509, 0.997232], 
              [0.000922509, 0.000922509, 0.0378228, 0.960332], 
              [0.480627, 0.000922509, 0.517528, 0.000922509], 
              [0.148524, 0.480627, 0.0747232, 0.296125], 
              [0.222325, 0.259225, 0.111624, 0.406826], 
              [0.000922509, 0.406826, 0.0747232, 0.517528], 
              [0.849631, 0.000922509, 0.0378228, 0.111624], 
              [0.554428, 0.148524, 0.148524, 0.148524]
            ]
          }, {
            "db": 0,
            "id": "MA0458.1",
            "alt": "slp1",
            "len": 11,
            "nsites": 41,
            "url": "http://jaspar.genereg.net/matrix/MA0458.1",
            "pwm": [
              [0.195256, 0.0736012, 0.34124, 0.389903], 
              [0.000608273, 0.000608273, 0.000608273, 0.998175], 
              [0.0736012, 0.000608273, 0.925182, 0.000608273], 
              [0.000608273, 0.000608273, 0.000608273, 0.998175], 
              [0.000608273, 0.000608273, 0.0249389, 0.973845], 
              [0.000608273, 0.000608273, 0.0492696, 0.949514], 
              [0.657543, 0.000608273, 0.0979319, 0.243917], 
              [0.0249389, 0.535888, 0.170925, 0.268248], 
              [0.414233, 0.195256, 0.365572, 0.0249389], 
              [0.0979319, 0.31691, 0.0736012, 0.511557], 
              [0.365572, 0.0736012, 0.0979319, 0.462896]
            ]
          }, {
            "db": 0,
            "id": "MA0480.2",
            "alt": "Foxo1",
            "len": 11,
            "nsites": 14116,
            "url": "http://jaspar.genereg.net/matrix/MA0480.2",
            "pwm": [
              [0.304831, 0.225985, 0.252834, 0.21635], 
              [0.301998, 0.118802, 0.238949, 0.340251], 
              [0.0999581, 0.0340765, 0.826717, 0.0392475], 
              [0.0669463, 0.0393185, 0.0726143, 0.821121], 
              [0.878999, 0.0661673, 0.0338635, 0.0209706], 
              [0.897062, 0.0601463, 0.0272046, 0.0155867], 
              [0.918952, 0.0274176, 0.0359895, 0.0176416], 
              [0.0207586, 0.900392, 0.0252216, 0.0536284], 
              [0.944455, 0.0196246, 0.0108407, 0.0250796], 
              [0.256517, 0.260768, 0.286979, 0.195735], 
              [0.287688, 0.242774, 0.247521, 0.222018]
            ]
          }, {
            "db": 0,
            "id": "MA0481.3",
            "alt": "FOXP1",
            "len": 11,
            "nsites": 74718,
            "url": "http://jaspar.genereg.net/matrix/MA0481.3",
            "pwm": [
              [0.361118, 0.18614, 0.222637, 0.230105], 
              [0.359739, 0.0830992, 0.189191, 0.36797], 
              [0.140033, 0.0210523, 0.797277, 0.0416373], 
              [0.0161813, 0.00973032, 0.0123133, 0.961775], 
              [0.931542, 0.0280393, 0.0143613, 0.0260583], 
              [0.873095, 0.0678152, 0.0244923, 0.0345973], 
              [0.937256, 0.0199013, 0.0151503, 0.0276913], 
              [0.0178813, 0.81766, 0.0199823, 0.144477], 
              [0.916191, 0.0254823, 0.0100243, 0.0483023], 
              [0.270484, 0.230667, 0.212077, 0.286772], 
              [0.347627, 0.191547, 0.171431, 0.289395]
            ]
          }, {
            "db": 0,
            "id": "MA0493.2",
            "alt": "KLF1",
            "len": 9,
            "nsites": 1000,
            "url": "http://jaspar.genereg.net/matrix/MA0493.2",
            "pwm": [
              [0.246446, 0.0706469, 0.374507, 0.308401], 
              [0.000611939, 0.000611939, 0.998163, 0.000611939], 
              [0.000611939, 0.000611939, 0.998163, 0.000611939], 
              [0.000611939, 0.000611939, 0.998163, 0.000611939], 
              [0.124885, 0.528663, 0.000611939, 0.34584], 
              [0.000611939, 0.000611939, 0.998163, 0.000611939], 
              [0.000611939, 0.000611939, 0.67508, 0.323695], 
              [0.0821978, 0.000611939, 0.896053, 0.0211369], 
              [0.000611939, 0.000611939, 0.998163, 0.000611939]
            ]
          }, {
            "db": 0,
            "id": "MA0505.2",
            "alt": "Nr5A2",
            "len": 13,
            "nsites": 30542,
            "url": "http://jaspar.genereg.net/matrix/MA0505.2",
            "pwm": [
              [0.259184, 0.297165, 0.255255, 0.188396], 
              [0.131622, 0.102089, 0.0754046, 0.690884], 
              [0.0665316, 0.0284537, 0.8892, 0.0158148], 
              [0.651168, 0.0387997, 0.220549, 0.0894835], 
              [0.0107078, 0.977472, 0.00406081, 0.00776079], 
              [0.00979079, 0.973543, 0.0054358, 0.0112308], 
              [0.0119188, 0.0227237, 0.0117548, 0.953603], 
              [0.00870979, 0.0110678, 0.00933179, 0.970891], 
              [0.0111328, 0.0284857, 0.949838, 0.0105438], 
              [0.863399, 0.0211187, 0.0786466, 0.0368357], 
              [0.448758, 0.293301, 0.17327, 0.0846705], 
              [0.175103, 0.480354, 0.137221, 0.207321], 
              [0.172418, 0.195239, 0.142099, 0.490242]
            ]
          }, {
            "db": 0,
            "id": "MA0512.2",
            "alt": "Rxra",
            "len": 14,
            "nsites": 50494,
            "url": "http://jaspar.genereg.net/matrix/MA0512.2",
            "pwm": [
              [0.248901, 0.0996363, 0.61019, 0.0412724], 
              [0.410276, 0.00384449, 0.584438, 0.00144249], 
              [0.00284749, 0.00199349, 0.991044, 0.00411549], 
              [0.00322049, 0.00175749, 0.888362, 0.10666], 
              [0.00114349, 0.00265149, 0.00904648, 0.98716], 
              [0.00203349, 0.929562, 0.0120965, 0.0563084], 
              [0.995861, 0.00109949, 0.00258649, 0.000453494], 
              [0.972358, 0.00191149, 0.0178265, 0.00790348], 
              [0.968732, 0.00156249, 0.0292984, 0.000407494], 
              [0.000976493, 0.00177749, 0.99597, 0.00127649], 
              [0.00151249, 0.00204049, 0.91641, 0.0800373], 
              [0.00109249, 0.00282949, 0.00662748, 0.989451], 
              [0.00137349, 0.952345, 0.00758648, 0.0386954], 
              [0.94384, 0.00335849, 0.0520144, 0.000786494]
            ]
          }, {
            "db": 0,
            "id": "MA0516.3",
            "alt": "SP2",
            "len": 9,
            "nsites": 1000,
            "url": "http://jaspar.genereg.net/matrix/MA0516.3",
            "pwm": [
              [0.153236, 0.000757924, 0.766077, 0.079929], 
              [0.167897, 0.000757924, 0.830587, 0.000757924], 
              [0.000757924, 0.000757924, 0.997726, 0.000757924], 
              [0.000757924, 0.000757924, 0.997726, 0.000757924], 
              [0.112184, 0.8863, 0.000757924, 0.000757924], 
              [0.000757924, 0.000757924, 0.997726, 0.000757924], 
              [0.000757924, 0.000757924, 0.974268, 0.0242166], 
              [0.120981, 0.000757924, 0.877503, 0.000757924], 
              [0.206016, 0.164965, 0.610668, 0.0183512]
            ]
          }, {
            "db": 0,
            "id": "MA0531.1",
            "alt": "CTCF",
            "len": 15,
            "nsites": 1902,
            "url": "http://jaspar.genereg.net/matrix/MA0531.1",
            "pwm": [
              [0.160888, 0.460557, 0.211884, 0.166671], 
              [0.164568, 0.60303, 0.115149, 0.117252], 
              [0.240274, 0.20137, 0.43427, 0.124087], 
              [0.355409, 0.412189, 0.18402, 0.0483806], 
              [0.135127, 0.375387, 0.0457517, 0.443733], 
              [0.80649, 0.000539116, 0.100954, 0.0920163], 
              [0.106212, 1.31434e-05, 0.893762, 1.31434e-05], 
              [0.518913, 1.31434e-05, 0.479483, 0.00159006], 
              [0.00106509, 0.00211603, 0.163517, 0.833302], 
              [1.31434e-05, 1.31434e-05, 0.999961, 1.31434e-05], 
              [0.00106509, 1.31434e-05, 0.868526, 0.130395], 
              [0.0652047, 0.864847, 0.00159006, 0.0683586], 
              [0.000539116, 1.31434e-05, 0.950016, 0.0494325], 
              [0.041546, 0.795975, 0.00421892, 0.158259], 
              [0.121458, 0.406406, 0.0757192, 0.396417]
            ]
          }, {
            "db": 0,
            "id": "MA0546.1",
            "alt": "pha-4",
            "len": 10,
            "nsites": 1010,
            "url": "http://jaspar.genereg.net/matrix/MA0546.1",
            "pwm": [
              [0.579175, 0.0703148, 2.475e-05, 0.350485], 
              [0.528685, 2.475e-05, 0.466316, 0.00497426], 
              [0.531655, 2.475e-05, 0.078235, 0.390085], 
              [0.0406147, 2.475e-05, 0.959336, 2.475e-05], 
              [2.475e-05, 0.402955, 2.475e-05, 0.596996], 
              [0.853405, 0.146545, 2.475e-05, 2.475e-05], 
              [0.999926, 2.475e-05, 2.475e-05, 2.475e-05], 
              [0.999926, 2.475e-05, 2.475e-05, 2.475e-05], 
              [2.475e-05, 0.616796, 2.475e-05, 0.383155], 
              [0.999926, 2.475e-05, 2.475e-05, 2.475e-05]
            ]
          }, {
            "db": 0,
            "id": "MA0592.3",
            "alt": "ESRRA",
            "len": 13,
            "nsites": 25995,
            "url": "http://jaspar.genereg.net/matrix/MA0592.3",
            "pwm": [
              [0.201231, 0.194884, 0.34649, 0.257396], 
              [0.136411, 0.338103, 0.242816, 0.28267], 
              [0.0886716, 0.247971, 0.0711687, 0.59219], 
              [0.0373928, 0.840698, 0.0893636, 0.0325458], 
              [0.949449, 0.0136569, 0.0213899, 0.0155039], 
              [0.951872, 0.0159659, 0.0218899, 0.0102719], 
              [0.0184659, 0.0130799, 0.949256, 0.0191969], 
              [0.00857993, 0.00561694, 0.974492, 0.0113109], 
              [0.0385848, 0.0145809, 0.0365078, 0.910326], 
              [0.0112719, 0.922828, 0.0302378, 0.0356618], 
              [0.948179, 0.00869493, 0.0300448, 0.0130799], 
              [0.212926, 0.351606, 0.171379, 0.264089], 
              [0.358723, 0.214887, 0.226659, 0.199731]
            ]
          }, {
            "db": 0,
            "id": "MA0593.1",
