********************************************************************************
STREME - Sensitive, Thorough, Rapid, Enriched Motif Elicitation
********************************************************************************
MEME version 5.4.1 (Release date: Sat Aug 21 19:23:23 2021 -0700)

For further information on how to interpret these results please access https://meme-suite.org/meme.
To get a copy of the MEME Suite software please access https://meme-suite.org.

********************************************************************************


********************************************************************************
REFERENCE
********************************************************************************
If you use this program in your research, please cite:

Timothy L. Bailey,
"STREME: accurate and versatile sequence motif discovery",
Bioinformatics, Mar. 24, 2021.
********************************************************************************


ALPHABET= ACGT

strands: + -

Background letter frequencies
A 0.247 C 0.253 G 0.253 T 0.247 

MOTIF 1-CCASYAGRKGGCRSYVKDG STREME-1
letter-probability matrix: alength= 4 w= 19 nsites= 1011 E= 3.0e-031
 0.111497 0.804285 0.033914 0.050304
 0.000039 0.999882 0.000040 0.000039
 0.881867 0.015338 0.048120 0.054675
 0.024079 0.627263 0.315837 0.032821
 0.165040 0.392327 0.050305 0.392327
 0.893887 0.007689 0.049213 0.049211
 0.004410 0.001133 0.994419 0.000039
 0.509248 0.000040 0.490673 0.000039
 0.007688 0.006596 0.498322 0.487394
 0.004410 0.000040 0.995511 0.000039
 0.027357 0.013153 0.865477 0.094013
 0.072159 0.820676 0.017523 0.089642
 0.597759 0.002225 0.375936 0.024079
 0.095106 0.450242 0.409812 0.044841
 0.094013 0.352990 0.065603 0.487394
 0.409811 0.243717 0.292890 0.053582
 0.173782 0.185803 0.248089 0.392326
 0.339876 0.151928 0.184710 0.323486
 0.185802 0.131167 0.492859 0.190173

MOTIF 2-CAAAGKTCAMWG STREME-2
letter-probability matrix: alength= 4 w= 12 nsites= 477 E= 8.6e-002
 0.037445 0.820844 0.136641 0.005070
 0.694866 0.195375 0.000091 0.109668
 0.731187 0.002581 0.256181 0.010050
 0.932913 0.007562 0.000091 0.059434
 0.000089 0.007562 0.984789 0.007561
 0.018555 0.015034 0.607516 0.358895
 0.097214 0.169627 0.070857 0.662302
 0.156562 0.690310 0.052390 0.100738
 0.839735 0.002581 0.003615 0.154070
 0.297057 0.489436 0.142654 0.070854
 0.340854 0.034957 0.138095 0.486095
 0.147632 0.100741 0.539245 0.212382

MOTIF 3-AAGAAAAAAAAAAAAA STREME-3
letter-probability matrix: alength= 4 w= 16 nsites= 413 E= 2.3e-001
 0.850887 0.024713 0.027448 0.096952
 0.920393 0.024713 0.024713 0.030181
 0.038641 0.060266 0.635717 0.265376
 0.722350 0.075075 0.139576 0.062999
 0.614092 0.073940 0.191538 0.120430
 0.813734 0.068471 0.084880 0.032916
 0.895779 0.008304 0.090349 0.005567
 0.619561 0.139576 0.153250 0.087612
 0.506298 0.158720 0.158720 0.176262
 0.623895 0.106758 0.181734 0.087612
 0.701606 0.076675 0.145046 0.076673
 0.655113 0.095819 0.071205 0.177862
 0.495358 0.209083 0.166925 0.128635
 0.634835 0.032918 0.087614 0.244633
 0.670388 0.106758 0.128637 0.094217
 0.541850 0.220022 0.101289 0.136839

MOTIF 4-AGAGGAAGGAR STREME-4
letter-probability matrix: alength= 4 w= 11 nsites= 95 E= 2.5e-001
 0.887615 0.000474 0.111448 0.000463
 0.103839 0.065451 0.791265 0.039444
 0.933618 0.000474 0.000474 0.065435
 0.057836 0.026461 0.902246 0.013457
 0.005855 0.000474 0.993208 0.000463
 0.959599 0.000474 0.039464 0.000463
 0.948824 0.018859 0.005866 0.026451
 0.015002 0.013468 0.971067 0.000463
 0.089227 0.096821 0.707034 0.106917
 0.645820 0.074966 0.130423 0.148791
 0.268339 0.078436 0.532632 0.120594

MOTIF 5-GGGAGGGAGGGRAK STREME-5
letter-probability matrix: alength= 4 w= 14 nsites= 98 E= 3.6e-001
 0.027673 0.054873 0.862591 0.054862
 0.000485 0.054873 0.944157 0.000485
 0.082051 0.082062 0.821809 0.014079
 0.821794 0.095656 0.000496 0.082054
 0.041268 0.095656 0.848997 0.014079
 0.095645 0.014090 0.889780 0.000485
 0.087692 0.000496 0.843356 0.068456
 0.848986 0.109250 0.000496 0.041268
 0.150029 0.041279 0.767425 0.041268
 0.027673 0.082062 0.889780 0.000485
 0.095645 0.068467 0.767431 0.068456
 0.449107 0.109250 0.413969 0.027673
 0.604282 0.163628 0.204417 0.027673
 0.122834 0.060514 0.408338 0.408314

MOTIF 6-AGGAAATAG STREME-6
letter-probability matrix: alength= 4 w= 9 nsites= 177 E= 2.2e+000
 0.839664 0.034824 0.125103 0.000409
 0.000409 0.096924 0.699765 0.202902
 0.093232 0.063965 0.773490 0.069312
 0.728391 0.048798 0.077806 0.145005
 0.977770 0.000418 0.000418 0.021394
 0.956502 0.040463 0.002626 0.000409
 0.000409 0.000418 0.068478 0.930694
 0.832449 0.037630 0.049213 0.080708
 0.060001 0.250700 0.688890 0.000409

MOTIF 7-WAATAAATA STREME-7
letter-probability matrix: alength= 4 w= 9 nsites= 69 E= 2.9e+000
 0.535856 0.000246 0.073476 0.390423
 0.641203 0.150838 0.006981 0.200977
 0.761638 0.137198 0.100924 0.000240
 0.000240 0.000246 0.000246 0.999268
 0.676616 0.308692 0.000246 0.014446
 0.817054 0.006981 0.082222 0.093743
 0.628678 0.010349 0.108774 0.252198
 0.027188 0.094582 0.000246 0.877985
 0.947856 0.000246 0.000246 0.051652

MOTIF 8-GAAGCAAATG STREME-8
letter-probability matrix: alength= 4 w= 10 nsites= 44 E= 4.0e+000
 0.000918 0.000939 0.868445 0.129698
 0.919943 0.000939 0.000939 0.078179
 0.894171 0.103971 0.000939 0.000918
 0.000918 0.044163 0.954000 0.000918
 0.000918 0.816925 0.078218 0.103938
 0.919937 0.052452 0.026693 0.000918
 0.816867 0.000939 0.181275 0.000918
 0.816905 0.155484 0.000939 0.026672
 0.000918 0.026693 0.000939 0.971450
 0.103938 0.052452 0.739640 0.103969

********************************************************************************
Stopped because 3 consecutive motifs exceeded the p-value threshold (0.05).
********************************************************************************
COMMAND:	streme --verbosity 1 --oc liver_species/streme_out -dna --p liver_species/seqs-centered --minw 6 --maxw 20 --order 2
********************************************************************************
CPU:		r287.ib.bridges2.psc.edu
********************************************************************************
FINALTIME:	61.01 seconds
********************************************************************************
